

				----* Random 50 DIMENSION Matrix *----


( 5.685,  6,  6.397 ) ( 8.645,  9,  9.137 ) ( 7.727,  8,  8.293 ) ( 5.679,  6,  6.232 ) ( 9.809,  10,  10.225 ) ( 5.556,  6,  6.217 ) ( 8.502,  9,  9.145 ) ( 4.502,  5,  5.461 ) ( 7.600,  8,  8.121 ) ( 5.509,  6,  6.423 ) ( 6.530,  7,  7.287 ) ( 5.566,  6,  6.209 ) ( 6.508,  7,  7.475 ) ( 5.869,  6,  6.268 ) ( 9.543,  10,  10.167 ) ( 8.835,  9,  9.272 ) ( 4.536,  5,  5.420 ) ( 4.691,  5,  5.237 ) ( 8.787,  9,  9.130 ) ( 8.631,  9,  9.304 ) ( 9.745,  10,  10.313 ) ( 6.580,  7,  7.253 ) ( 7.642,  8,  8.418 ) ( 7.785,  8,  8.258 ) ( 6.561,  7,  7.206 ) ( 6.819,  7,  7.409 ) ( 6.607,  7,  7.115 ) ( 5.882,  6,  6.385 ) ( 5.510,  6,  6.149 ) ( 5.848,  6,  6.447 ) ( 9.784,  10,  10.218 ) ( 4.781,  5,  5.180 ) ( 4.862,  5,  5.428 ) ( 4.682,  5,  5.251 ) ( 9.542,  10,  10.187 ) ( 7.545,  8,  8.213 ) ( 5.600,  6,  6.375 ) ( 8.634,  9,  9.258 ) ( 5.707,  6,  6.480 ) ( 8.584,  9,  9.232 ) ( 7.814,  8,  8.497 ) ( 7.859,  8,  8.479 ) ( 7.888,  8,  8.159 ) ( 9.636,  10,  10.102 ) ( 6.792,  7,  7.417 ) ( 5.551,  6,  6.325 ) ( 6.865,  7,  7.168 ) ( 6.595,  7,  7.173 ) ( 9.505,  10,  10.223 ) ( 4.676,  5,  5.453 ) 

( 9.690,  10,  10.279 ) ( 8.834,  9,  9.210 ) ( 5.847,  6,  6.431 ) ( 6.632,  7,  7.346 ) ( 6.588,  7,  7.284 ) ( 7.521,  8,  8.498 ) ( 6.719,  7,  7.119 ) ( 6.523,  7,  7.293 ) ( 8.822,  9,  9.342 ) ( 5.705,  6,  6.287 ) ( 7.742,  8,  8.245 ) ( 7.888,  8,  8.293 ) ( 6.687,  7,  7.417 ) ( 7.634,  8,  8.308 ) ( 6.860,  7,  7.190 ) ( 9.739,  10,  10.350 ) ( 8.632,  9,  9.327 ) ( 7.541,  8,  8.422 ) ( 5.742,  6,  6.327 ) ( 9.732,  10,  10.170 ) ( 4.889,  5,  5.247 ) ( 7.832,  8,  8.292 ) ( 4.734,  5,  5.146 ) ( 7.515,  8,  8.345 ) ( 6.613,  7,  7.281 ) ( 7.869,  8,  8.146 ) ( 6.575,  7,  7.143 ) ( 6.661,  7,  7.238 ) ( 7.541,  8,  8.204 ) ( 6.554,  7,  7.499 ) ( 5.706,  6,  6.207 ) ( 4.651,  5,  5.162 ) ( 4.566,  5,  5.308 ) ( 6.516,  7,  7.192 ) ( 6.865,  7,  7.253 ) ( 4.738,  5,  5.146 ) ( 7.600,  8,  8.331 ) ( 9.662,  10,  10.166 ) ( 6.624,  7,  7.323 ) ( 5.590,  6,  6.264 ) ( 4.896,  5,  5.442 ) ( 4.691,  5,  5.429 ) ( 6.516,  7,  7.148 ) ( 4.834,  5,  5.444 ) ( 5.748,  6,  6.112 ) ( 8.557,  9,  9.446 ) ( 8.781,  9,  9.292 ) ( 4.891,  5,  5.152 ) ( 4.500,  5,  5.493 ) ( 9.756,  10,  10.135 ) 

( 7.754,  8,  8.407 ) ( 8.819,  9,  9.145 ) ( 6.763,  7,  7.419 ) ( 8.789,  9,  9.114 ) ( 9.758,  10,  10.121 ) ( 7.723,  8,  8.246 ) ( 9.537,  10,  10.487 ) ( 6.825,  7,  7.447 ) ( 7.865,  8,  8.241 ) ( 4.609,  5,  5.287 ) ( 8.747,  9,  9.334 ) ( 6.767,  7,  7.372 ) ( 5.875,  6,  6.242 ) ( 6.576,  7,  7.125 ) ( 6.765,  7,  7.169 ) ( 5.840,  6,  6.381 ) ( 7.525,  8,  8.242 ) ( 9.573,  10,  10.213 ) ( 8.839,  9,  9.138 ) ( 9.774,  10,  10.303 ) ( 8.841,  9,  9.404 ) ( 7.551,  8,  8.122 ) ( 7.609,  8,  8.124 ) ( 5.531,  6,  6.425 ) ( 7.735,  8,  8.360 ) ( 9.788,  10,  10.418 ) ( 7.806,  8,  8.345 ) ( 9.710,  10,  10.219 ) ( 7.512,  8,  8.214 ) ( 5.755,  6,  6.223 ) ( 7.718,  8,  8.305 ) ( 8.896,  9,  9.258 ) ( 9.553,  10,  10.431 ) ( 7.630,  8,  8.108 ) ( 4.531,  5,  5.497 ) ( 9.689,  10,  10.128 ) ( 8.599,  9,  9.261 ) ( 9.850,  10,  10.291 ) ( 9.716,  10,  10.119 ) ( 6.784,  7,  7.449 ) ( 8.620,  9,  9.329 ) ( 7.633,  8,  8.474 ) ( 6.826,  7,  7.157 ) ( 9.807,  10,  10.162 ) ( 7.729,  8,  8.338 ) ( 9.715,  10,  10.453 ) ( 4.857,  5,  5.289 ) ( 4.790,  5,  5.490 ) ( 8.780,  9,  9.481 ) ( 9.502,  10,  10.189 ) 

( 8.523,  9,  9.309 ) ( 7.783,  8,  8.378 ) ( 4.530,  5,  5.267 ) ( 9.831,  10,  10.254 ) ( 6.714,  7,  7.286 ) ( 5.797,  6,  6.166 ) ( 6.886,  7,  7.471 ) ( 7.860,  8,  8.188 ) ( 5.872,  6,  6.233 ) ( 9.750,  10,  10.298 ) ( 9.529,  10,  10.435 ) ( 8.749,  9,  9.114 ) ( 6.776,  7,  7.362 ) ( 6.896,  7,  7.344 ) ( 5.658,  6,  6.102 ) ( 6.567,  7,  7.320 ) ( 5.689,  6,  6.149 ) ( 8.802,  9,  9.280 ) ( 6.684,  7,  7.267 ) ( 8.566,  9,  9.102 ) ( 4.547,  5,  5.138 ) ( 8.832,  9,  9.467 ) ( 9.892,  10,  10.207 ) ( 6.845,  7,  7.136 ) ( 7.660,  8,  8.306 ) ( 7.666,  8,  8.311 ) ( 9.759,  10,  10.485 ) ( 5.675,  6,  6.365 ) ( 7.654,  8,  8.328 ) ( 8.791,  9,  9.189 ) ( 8.670,  9,  9.141 ) ( 9.592,  10,  10.141 ) ( 9.810,  10,  10.106 ) ( 8.679,  9,  9.406 ) ( 9.727,  10,  10.255 ) ( 9.592,  10,  10.226 ) ( 4.708,  5,  5.476 ) ( 5.807,  6,  6.300 ) ( 6.817,  7,  7.248 ) ( 5.664,  6,  6.423 ) ( 9.546,  10,  10.170 ) ( 5.766,  6,  6.194 ) ( 7.845,  8,  8.459 ) ( 5.541,  6,  6.401 ) ( 6.713,  7,  7.167 ) ( 6.510,  7,  7.117 ) ( 7.792,  8,  8.398 ) ( 7.842,  8,  8.298 ) ( 4.596,  5,  5.379 ) ( 7.796,  8,  8.177 ) 

( 6.867,  7,  7.112 ) ( 8.697,  9,  9.326 ) ( 5.512,  6,  6.395 ) ( 5.874,  6,  6.171 ) ( 9.857,  10,  10.362 ) ( 6.505,  7,  7.497 ) ( 6.568,  7,  7.229 ) ( 8.809,  9,  9.487 ) ( 8.812,  9,  9.150 ) ( 8.612,  9,  9.375 ) ( 4.783,  5,  5.378 ) ( 4.607,  5,  5.325 ) ( 7.724,  8,  8.451 ) ( 7.876,  8,  8.180 ) ( 9.671,  10,  10.228 ) ( 4.743,  5,  5.363 ) ( 6.760,  7,  7.460 ) ( 7.812,  8,  8.229 ) ( 4.645,  5,  5.215 ) ( 9.700,  10,  10.398 ) ( 6.523,  7,  7.295 ) ( 9.606,  10,  10.409 ) ( 8.576,  9,  9.485 ) ( 9.604,  10,  10.112 ) ( 8.865,  9,  9.285 ) ( 4.613,  5,  5.252 ) ( 9.837,  10,  10.280 ) ( 9.523,  10,  10.339 ) ( 6.769,  7,  7.100 ) ( 8.581,  9,  9.460 ) ( 7.772,  8,  8.176 ) ( 6.677,  7,  7.369 ) ( 4.864,  5,  5.411 ) ( 6.503,  7,  7.391 ) ( 5.874,  6,  6.297 ) ( 7.711,  8,  8.103 ) ( 7.508,  8,  8.183 ) ( 8.588,  9,  9.416 ) ( 6.832,  7,  7.309 ) ( 9.572,  10,  10.203 ) ( 6.506,  7,  7.315 ) ( 4.645,  5,  5.156 ) ( 9.505,  10,  10.331 ) ( 7.605,  8,  8.226 ) ( 8.668,  9,  9.314 ) ( 6.814,  7,  7.460 ) ( 8.610,  9,  9.409 ) ( 8.671,  9,  9.426 ) ( 9.680,  10,  10.326 ) ( 8.683,  9,  9.346 ) 

( 7.876,  8,  8.106 ) ( 5.651,  6,  6.116 ) ( 5.811,  6,  6.261 ) ( 4.568,  5,  5.257 ) ( 8.530,  9,  9.359 ) ( 9.640,  10,  10.464 ) ( 4.826,  5,  5.214 ) ( 6.880,  7,  7.169 ) ( 8.554,  9,  9.416 ) ( 4.705,  5,  5.277 ) ( 4.770,  5,  5.381 ) ( 9.763,  10,  10.120 ) ( 6.710,  7,  7.466 ) ( 8.554,  9,  9.109 ) ( 4.708,  5,  5.263 ) ( 6.645,  7,  7.315 ) ( 6.731,  7,  7.204 ) ( 7.669,  8,  8.357 ) ( 4.635,  5,  5.262 ) ( 6.886,  7,  7.336 ) ( 4.878,  5,  5.374 ) ( 4.700,  5,  5.196 ) ( 6.512,  7,  7.320 ) ( 9.734,  10,  10.434 ) ( 7.764,  8,  8.461 ) ( 8.789,  9,  9.366 ) ( 6.658,  7,  7.348 ) ( 9.614,  10,  10.131 ) ( 7.686,  8,  8.332 ) ( 9.859,  10,  10.105 ) ( 7.505,  8,  8.396 ) ( 8.679,  9,  9.264 ) ( 5.500,  6,  6.151 ) ( 6.879,  7,  7.365 ) ( 8.686,  9,  9.136 ) ( 7.799,  8,  8.336 ) ( 5.590,  6,  6.401 ) ( 9.568,  10,  10.398 ) ( 9.779,  10,  10.198 ) ( 8.668,  9,  9.357 ) ( 7.841,  8,  8.443 ) ( 7.777,  8,  8.401 ) ( 5.709,  6,  6.109 ) ( 4.568,  5,  5.105 ) ( 6.659,  7,  7.473 ) ( 5.890,  6,  6.336 ) ( 6.632,  7,  7.331 ) ( 6.900,  7,  7.368 ) ( 6.618,  7,  7.122 ) ( 4.766,  5,  5.196 ) 

( 8.843,  9,  9.335 ) ( 6.568,  7,  7.467 ) ( 4.765,  5,  5.364 ) ( 4.635,  5,  5.356 ) ( 4.538,  5,  5.198 ) ( 5.787,  6,  6.120 ) ( 7.859,  8,  8.336 ) ( 4.579,  5,  5.332 ) ( 5.655,  6,  6.353 ) ( 4.663,  5,  5.186 ) ( 9.675,  10,  10.347 ) ( 6.578,  7,  7.194 ) ( 8.823,  9,  9.422 ) ( 8.538,  9,  9.460 ) ( 7.556,  8,  8.196 ) ( 7.844,  8,  8.102 ) ( 6.570,  7,  7.488 ) ( 6.531,  7,  7.166 ) ( 4.648,  5,  5.334 ) ( 9.578,  10,  10.313 ) ( 4.568,  5,  5.135 ) ( 7.666,  8,  8.472 ) ( 5.629,  6,  6.255 ) ( 4.696,  5,  5.216 ) ( 5.893,  6,  6.141 ) ( 5.698,  6,  6.333 ) ( 9.612,  10,  10.224 ) ( 5.573,  6,  6.465 ) ( 7.854,  8,  8.389 ) ( 6.575,  7,  7.490 ) ( 5.515,  6,  6.480 ) ( 5.508,  6,  6.415 ) ( 6.532,  7,  7.461 ) ( 9.520,  10,  10.319 ) ( 9.705,  10,  10.402 ) ( 4.867,  5,  5.226 ) ( 9.563,  10,  10.366 ) ( 6.801,  7,  7.309 ) ( 4.879,  5,  5.403 ) ( 8.575,  9,  9.128 ) ( 4.556,  5,  5.227 ) ( 8.639,  9,  9.331 ) ( 8.649,  9,  9.288 ) ( 9.704,  10,  10.397 ) ( 6.823,  7,  7.221 ) ( 5.613,  6,  6.161 ) ( 4.799,  5,  5.379 ) ( 6.524,  7,  7.169 ) ( 8.660,  9,  9.456 ) ( 4.611,  5,  5.134 ) 

( 6.642,  7,  7.421 ) ( 6.739,  7,  7.296 ) ( 5.712,  6,  6.359 ) ( 7.896,  8,  8.309 ) ( 6.738,  7,  7.429 ) ( 5.663,  6,  6.206 ) ( 8.844,  9,  9.198 ) ( 6.563,  7,  7.407 ) ( 6.614,  7,  7.233 ) ( 9.697,  10,  10.463 ) ( 6.646,  7,  7.191 ) ( 6.876,  7,  7.455 ) ( 4.530,  5,  5.500 ) ( 6.876,  7,  7.309 ) ( 9.544,  10,  10.413 ) ( 7.656,  8,  8.314 ) ( 7.665,  8,  8.104 ) ( 8.890,  9,  9.122 ) ( 4.637,  5,  5.115 ) ( 5.669,  6,  6.125 ) ( 6.556,  7,  7.168 ) ( 8.769,  9,  9.500 ) ( 9.733,  10,  10.168 ) ( 9.594,  10,  10.153 ) ( 7.700,  8,  8.210 ) ( 6.885,  7,  7.154 ) ( 4.700,  5,  5.139 ) ( 5.891,  6,  6.270 ) ( 8.861,  9,  9.134 ) ( 8.521,  9,  9.495 ) ( 9.553,  10,  10.323 ) ( 8.691,  9,  9.281 ) ( 5.673,  6,  6.320 ) ( 5.696,  6,  6.191 ) ( 9.666,  10,  10.135 ) ( 5.784,  6,  6.278 ) ( 6.797,  7,  7.347 ) ( 5.722,  6,  6.370 ) ( 5.585,  6,  6.184 ) ( 6.577,  7,  7.215 ) ( 4.706,  5,  5.438 ) ( 7.731,  8,  8.494 ) ( 8.523,  9,  9.279 ) ( 8.736,  9,  9.116 ) ( 8.688,  9,  9.244 ) ( 6.889,  7,  7.259 ) ( 6.533,  7,  7.320 ) ( 5.560,  6,  6.294 ) ( 4.860,  5,  5.244 ) ( 4.616,  5,  5.374 ) 

( 4.721,  5,  5.101 ) ( 5.848,  6,  6.382 ) ( 8.653,  9,  9.330 ) ( 4.748,  5,  5.262 ) ( 4.585,  5,  5.175 ) ( 4.623,  5,  5.209 ) ( 4.887,  5,  5.146 ) ( 4.797,  5,  5.490 ) ( 5.675,  6,  6.368 ) ( 6.895,  7,  7.137 ) ( 7.888,  8,  8.116 ) ( 5.704,  6,  6.478 ) ( 5.664,  6,  6.237 ) ( 6.728,  7,  7.376 ) ( 4.619,  5,  5.157 ) ( 4.750,  5,  5.160 ) ( 5.843,  6,  6.302 ) ( 4.558,  5,  5.405 ) ( 6.867,  7,  7.195 ) ( 7.833,  8,  8.448 ) ( 6.731,  7,  7.444 ) ( 4.844,  5,  5.282 ) ( 4.510,  5,  5.260 ) ( 9.728,  10,  10.315 ) ( 9.872,  10,  10.277 ) ( 8.648,  9,  9.139 ) ( 5.707,  6,  6.149 ) ( 5.882,  6,  6.129 ) ( 7.714,  8,  8.290 ) ( 9.594,  10,  10.167 ) ( 9.654,  10,  10.156 ) ( 8.773,  9,  9.404 ) ( 4.642,  5,  5.169 ) ( 7.692,  8,  8.391 ) ( 6.736,  7,  7.375 ) ( 8.661,  9,  9.433 ) ( 5.681,  6,  6.395 ) ( 6.785,  7,  7.309 ) ( 7.845,  8,  8.387 ) ( 7.876,  8,  8.182 ) ( 8.836,  9,  9.376 ) ( 4.778,  5,  5.357 ) ( 6.575,  7,  7.239 ) ( 7.613,  8,  8.210 ) ( 4.571,  5,  5.292 ) ( 6.723,  7,  7.275 ) ( 6.652,  7,  7.404 ) ( 5.821,  6,  6.206 ) ( 6.527,  7,  7.387 ) ( 6.503,  7,  7.237 ) 

( 8.738,  9,  9.336 ) ( 6.830,  7,  7.480 ) ( 6.769,  7,  7.286 ) ( 7.711,  8,  8.286 ) ( 5.827,  6,  6.312 ) ( 5.632,  6,  6.237 ) ( 9.812,  10,  10.490 ) ( 6.506,  7,  7.113 ) ( 4.771,  5,  5.381 ) ( 7.777,  8,  8.158 ) ( 6.827,  7,  7.400 ) ( 9.667,  10,  10.421 ) ( 9.696,  10,  10.412 ) ( 4.872,  5,  5.278 ) ( 5.702,  6,  6.125 ) ( 9.585,  10,  10.460 ) ( 9.639,  10,  10.485 ) ( 6.560,  7,  7.492 ) ( 5.729,  6,  6.229 ) ( 6.723,  7,  7.344 ) ( 7.558,  8,  8.145 ) ( 7.519,  8,  8.130 ) ( 4.865,  5,  5.475 ) ( 9.857,  10,  10.264 ) ( 5.644,  6,  6.266 ) ( 4.678,  5,  5.430 ) ( 9.834,  10,  10.154 ) ( 5.649,  6,  6.371 ) ( 9.534,  10,  10.379 ) ( 5.852,  6,  6.264 ) ( 7.596,  8,  8.463 ) ( 8.776,  9,  9.264 ) ( 8.551,  9,  9.165 ) ( 9.744,  10,  10.220 ) ( 9.706,  10,  10.433 ) ( 7.536,  8,  8.236 ) ( 9.521,  10,  10.445 ) ( 8.735,  9,  9.114 ) ( 4.580,  5,  5.308 ) ( 9.723,  10,  10.276 ) ( 9.526,  10,  10.499 ) ( 4.794,  5,  5.140 ) ( 7.847,  8,  8.457 ) ( 8.589,  9,  9.119 ) ( 4.664,  5,  5.459 ) ( 6.717,  7,  7.239 ) ( 7.578,  8,  8.408 ) ( 7.597,  8,  8.371 ) ( 6.527,  7,  7.159 ) ( 6.509,  7,  7.267 ) 

( 9.507,  10,  10.454 ) ( 4.598,  5,  5.471 ) ( 4.601,  5,  5.168 ) ( 7.515,  8,  8.319 ) ( 7.624,  8,  8.262 ) ( 9.505,  10,  10.349 ) ( 7.739,  8,  8.201 ) ( 7.611,  8,  8.315 ) ( 4.842,  5,  5.300 ) ( 7.666,  8,  8.394 ) ( 6.741,  7,  7.117 ) ( 7.867,  8,  8.181 ) ( 9.575,  10,  10.436 ) ( 4.549,  5,  5.398 ) ( 4.504,  5,  5.442 ) ( 8.836,  9,  9.488 ) ( 8.604,  9,  9.467 ) ( 9.541,  10,  10.296 ) ( 6.866,  7,  7.444 ) ( 6.885,  7,  7.410 ) ( 7.793,  8,  8.110 ) ( 6.741,  7,  7.368 ) ( 6.788,  7,  7.149 ) ( 8.817,  9,  9.270 ) ( 8.651,  9,  9.416 ) ( 4.837,  5,  5.108 ) ( 4.566,  5,  5.196 ) ( 4.812,  5,  5.359 ) ( 8.868,  9,  9.140 ) ( 6.743,  7,  7.128 ) ( 4.518,  5,  5.321 ) ( 5.884,  6,  6.378 ) ( 4.712,  5,  5.475 ) ( 8.826,  9,  9.322 ) ( 9.580,  10,  10.189 ) ( 8.768,  9,  9.126 ) ( 7.801,  8,  8.391 ) ( 4.606,  5,  5.311 ) ( 9.560,  10,  10.477 ) ( 5.520,  6,  6.289 ) ( 5.607,  6,  6.144 ) ( 5.703,  6,  6.327 ) ( 6.761,  7,  7.385 ) ( 8.814,  9,  9.271 ) ( 4.575,  5,  5.342 ) ( 5.701,  6,  6.406 ) ( 6.837,  7,  7.315 ) ( 6.715,  7,  7.351 ) ( 4.710,  5,  5.359 ) ( 7.827,  8,  8.210 ) 

( 6.553,  7,  7.305 ) ( 5.763,  6,  6.147 ) ( 7.804,  8,  8.131 ) ( 6.643,  7,  7.137 ) ( 9.892,  10,  10.338 ) ( 9.674,  10,  10.401 ) ( 6.619,  7,  7.122 ) ( 7.772,  8,  8.121 ) ( 7.593,  8,  8.314 ) ( 8.708,  9,  9.332 ) ( 8.844,  9,  9.491 ) ( 8.762,  9,  9.219 ) ( 8.694,  9,  9.423 ) ( 8.530,  9,  9.497 ) ( 6.719,  7,  7.143 ) ( 7.793,  8,  8.229 ) ( 4.652,  5,  5.343 ) ( 8.725,  9,  9.444 ) ( 5.626,  6,  6.133 ) ( 9.519,  10,  10.382 ) ( 7.630,  8,  8.306 ) ( 5.717,  6,  6.252 ) ( 9.671,  10,  10.411 ) ( 4.728,  5,  5.236 ) ( 9.776,  10,  10.464 ) ( 7.532,  8,  8.280 ) ( 5.544,  6,  6.206 ) ( 6.600,  7,  7.262 ) ( 9.871,  10,  10.370 ) ( 9.741,  10,  10.310 ) ( 7.587,  8,  8.366 ) ( 5.561,  6,  6.261 ) ( 5.791,  6,  6.214 ) ( 4.795,  5,  5.483 ) ( 7.753,  8,  8.186 ) ( 8.635,  9,  9.117 ) ( 7.608,  8,  8.148 ) ( 7.731,  8,  8.221 ) ( 4.541,  5,  5.441 ) ( 5.644,  6,  6.183 ) ( 6.595,  7,  7.324 ) ( 8.636,  9,  9.361 ) ( 9.570,  10,  10.264 ) ( 4.877,  5,  5.459 ) ( 4.866,  5,  5.282 ) ( 9.731,  10,  10.447 ) ( 5.853,  6,  6.207 ) ( 5.793,  6,  6.257 ) ( 7.679,  8,  8.312 ) ( 4.760,  5,  5.468 ) 

( 8.602,  9,  9.105 ) ( 5.515,  6,  6.290 ) ( 5.847,  6,  6.253 ) ( 5.590,  6,  6.112 ) ( 9.806,  10,  10.267 ) ( 5.805,  6,  6.499 ) ( 8.509,  9,  9.459 ) ( 8.640,  9,  9.421 ) ( 5.777,  6,  6.383 ) ( 5.621,  6,  6.256 ) ( 7.835,  8,  8.148 ) ( 8.797,  9,  9.213 ) ( 4.745,  5,  5.310 ) ( 6.631,  7,  7.476 ) ( 6.878,  7,  7.109 ) ( 5.556,  6,  6.420 ) ( 9.886,  10,  10.429 ) ( 7.790,  8,  8.168 ) ( 9.818,  10,  10.121 ) ( 9.820,  10,  10.276 ) ( 8.712,  9,  9.275 ) ( 9.724,  10,  10.278 ) ( 5.766,  6,  6.136 ) ( 5.801,  6,  6.357 ) ( 7.581,  8,  8.479 ) ( 5.887,  6,  6.485 ) ( 9.873,  10,  10.216 ) ( 6.803,  7,  7.282 ) ( 4.574,  5,  5.467 ) ( 6.742,  7,  7.448 ) ( 6.524,  7,  7.202 ) ( 9.631,  10,  10.490 ) ( 5.869,  6,  6.479 ) ( 8.842,  9,  9.213 ) ( 8.500,  9,  9.237 ) ( 8.610,  9,  9.287 ) ( 7.588,  8,  8.165 ) ( 7.534,  8,  8.146 ) ( 6.798,  7,  7.165 ) ( 8.597,  9,  9.121 ) ( 6.856,  7,  7.416 ) ( 8.894,  9,  9.170 ) ( 4.868,  5,  5.203 ) ( 7.648,  8,  8.458 ) ( 4.831,  5,  5.110 ) ( 4.594,  5,  5.145 ) ( 8.787,  9,  9.275 ) ( 7.865,  8,  8.244 ) ( 7.746,  8,  8.193 ) ( 5.643,  6,  6.254 ) 

( 6.670,  7,  7.247 ) ( 4.558,  5,  5.242 ) ( 4.688,  5,  5.407 ) ( 7.712,  8,  8.414 ) ( 9.528,  10,  10.191 ) ( 5.565,  6,  6.116 ) ( 7.893,  8,  8.441 ) ( 8.813,  9,  9.139 ) ( 7.856,  8,  8.439 ) ( 7.503,  8,  8.213 ) ( 9.551,  10,  10.403 ) ( 8.742,  9,  9.162 ) ( 6.822,  7,  7.293 ) ( 8.694,  9,  9.332 ) ( 4.614,  5,  5.163 ) ( 9.513,  10,  10.216 ) ( 7.690,  8,  8.428 ) ( 7.642,  8,  8.123 ) ( 6.664,  7,  7.146 ) ( 7.563,  8,  8.308 ) ( 9.763,  10,  10.372 ) ( 6.676,  7,  7.244 ) ( 5.688,  6,  6.411 ) ( 7.717,  8,  8.356 ) ( 9.651,  10,  10.280 ) ( 4.531,  5,  5.299 ) ( 5.817,  6,  6.227 ) ( 8.639,  9,  9.261 ) ( 7.579,  8,  8.167 ) ( 6.506,  7,  7.307 ) ( 7.770,  8,  8.480 ) ( 8.577,  9,  9.441 ) ( 6.591,  7,  7.281 ) ( 8.536,  9,  9.244 ) ( 9.673,  10,  10.401 ) ( 6.548,  7,  7.464 ) ( 7.728,  8,  8.276 ) ( 6.792,  7,  7.485 ) ( 8.813,  9,  9.391 ) ( 5.659,  6,  6.436 ) ( 4.829,  5,  5.310 ) ( 7.765,  8,  8.254 ) ( 9.563,  10,  10.496 ) ( 4.584,  5,  5.358 ) ( 6.837,  7,  7.409 ) ( 7.835,  8,  8.293 ) ( 9.610,  10,  10.487 ) ( 9.766,  10,  10.298 ) ( 4.732,  5,  5.197 ) ( 9.558,  10,  10.495 ) 

( 6.502,  7,  7.394 ) ( 7.541,  8,  8.271 ) ( 6.829,  7,  7.167 ) ( 6.744,  7,  7.257 ) ( 4.542,  5,  5.496 ) ( 9.807,  10,  10.129 ) ( 6.694,  7,  7.328 ) ( 9.716,  10,  10.244 ) ( 5.676,  6,  6.200 ) ( 7.899,  8,  8.387 ) ( 5.891,  6,  6.166 ) ( 9.820,  10,  10.399 ) ( 5.847,  6,  6.313 ) ( 6.803,  7,  7.321 ) ( 7.589,  8,  8.140 ) ( 5.684,  6,  6.409 ) ( 6.566,  7,  7.275 ) ( 4.820,  5,  5.105 ) ( 5.658,  6,  6.335 ) ( 4.738,  5,  5.300 ) ( 9.668,  10,  10.355 ) ( 9.670,  10,  10.138 ) ( 8.816,  9,  9.114 ) ( 6.719,  7,  7.408 ) ( 4.787,  5,  5.283 ) ( 4.706,  5,  5.222 ) ( 9.651,  10,  10.374 ) ( 7.879,  8,  8.402 ) ( 7.813,  8,  8.218 ) ( 7.776,  8,  8.498 ) ( 5.742,  6,  6.440 ) ( 7.593,  8,  8.192 ) ( 4.785,  5,  5.487 ) ( 5.803,  6,  6.457 ) ( 9.678,  10,  10.359 ) ( 8.742,  9,  9.153 ) ( 4.786,  5,  5.487 ) ( 9.809,  10,  10.298 ) ( 7.899,  8,  8.373 ) ( 6.794,  7,  7.214 ) ( 7.845,  8,  8.400 ) ( 9.663,  10,  10.404 ) ( 5.726,  6,  6.358 ) ( 6.694,  7,  7.361 ) ( 5.524,  6,  6.430 ) ( 6.641,  7,  7.234 ) ( 5.630,  6,  6.266 ) ( 7.674,  8,  8.485 ) ( 4.747,  5,  5.423 ) ( 7.558,  8,  8.475 ) 

( 5.718,  6,  6.200 ) ( 4.872,  5,  5.397 ) ( 6.813,  7,  7.219 ) ( 9.805,  10,  10.188 ) ( 4.508,  5,  5.301 ) ( 4.698,  5,  5.147 ) ( 7.799,  8,  8.138 ) ( 4.549,  5,  5.375 ) ( 6.604,  7,  7.257 ) ( 8.764,  9,  9.372 ) ( 5.813,  6,  6.496 ) ( 7.894,  8,  8.457 ) ( 6.738,  7,  7.333 ) ( 6.559,  7,  7.415 ) ( 8.744,  9,  9.383 ) ( 9.610,  10,  10.439 ) ( 4.517,  5,  5.418 ) ( 8.664,  9,  9.170 ) ( 7.863,  8,  8.431 ) ( 6.743,  7,  7.129 ) ( 8.769,  9,  9.459 ) ( 8.824,  9,  9.332 ) ( 9.502,  10,  10.127 ) ( 9.793,  10,  10.394 ) ( 4.715,  5,  5.344 ) ( 4.734,  5,  5.372 ) ( 5.661,  6,  6.273 ) ( 6.671,  7,  7.101 ) ( 5.894,  6,  6.270 ) ( 4.583,  5,  5.262 ) ( 7.846,  8,  8.306 ) ( 6.799,  7,  7.137 ) ( 4.776,  5,  5.437 ) ( 7.794,  8,  8.261 ) ( 4.632,  5,  5.364 ) ( 8.710,  9,  9.499 ) ( 8.677,  9,  9.366 ) ( 7.669,  8,  8.321 ) ( 6.606,  7,  7.439 ) ( 4.785,  5,  5.179 ) ( 6.718,  7,  7.381 ) ( 8.549,  9,  9.121 ) ( 5.846,  6,  6.280 ) ( 6.877,  7,  7.160 ) ( 4.550,  5,  5.439 ) ( 7.678,  8,  8.104 ) ( 9.754,  10,  10.423 ) ( 8.859,  9,  9.370 ) ( 5.640,  6,  6.247 ) ( 6.869,  7,  7.228 ) 

( 8.889,  9,  9.322 ) ( 4.773,  5,  5.334 ) ( 4.812,  5,  5.458 ) ( 7.844,  8,  8.482 ) ( 7.603,  8,  8.271 ) ( 9.839,  10,  10.179 ) ( 7.848,  8,  8.112 ) ( 7.799,  8,  8.207 ) ( 5.708,  6,  6.223 ) ( 6.733,  7,  7.242 ) ( 7.837,  8,  8.489 ) ( 8.754,  9,  9.308 ) ( 9.588,  10,  10.287 ) ( 5.822,  6,  6.272 ) ( 5.566,  6,  6.210 ) ( 9.600,  10,  10.445 ) ( 9.569,  10,  10.127 ) ( 7.721,  8,  8.119 ) ( 4.514,  5,  5.335 ) ( 6.899,  7,  7.383 ) ( 5.894,  6,  6.162 ) ( 4.538,  5,  5.158 ) ( 4.826,  5,  5.163 ) ( 4.735,  5,  5.365 ) ( 4.714,  5,  5.431 ) ( 8.893,  9,  9.349 ) ( 7.580,  8,  8.253 ) ( 4.843,  5,  5.332 ) ( 4.561,  5,  5.235 ) ( 9.896,  10,  10.373 ) ( 4.655,  5,  5.404 ) ( 9.682,  10,  10.276 ) ( 7.568,  8,  8.497 ) ( 9.704,  10,  10.417 ) ( 6.668,  7,  7.297 ) ( 4.700,  5,  5.338 ) ( 8.641,  9,  9.262 ) ( 8.604,  9,  9.433 ) ( 5.676,  6,  6.160 ) ( 7.702,  8,  8.110 ) ( 4.508,  5,  5.305 ) ( 8.641,  9,  9.411 ) ( 9.542,  10,  10.416 ) ( 7.757,  8,  8.397 ) ( 9.849,  10,  10.247 ) ( 8.730,  9,  9.396 ) ( 4.848,  5,  5.488 ) ( 9.828,  10,  10.484 ) ( 4.514,  5,  5.368 ) ( 5.599,  6,  6.318 ) 

( 9.835,  10,  10.201 ) ( 5.844,  6,  6.424 ) ( 5.637,  6,  6.451 ) ( 9.644,  10,  10.187 ) ( 6.888,  7,  7.154 ) ( 6.803,  7,  7.103 ) ( 5.641,  6,  6.456 ) ( 7.585,  8,  8.317 ) ( 4.628,  5,  5.158 ) ( 5.786,  6,  6.423 ) ( 6.695,  7,  7.384 ) ( 8.681,  9,  9.357 ) ( 4.627,  5,  5.391 ) ( 7.660,  8,  8.358 ) ( 7.741,  8,  8.241 ) ( 7.824,  8,  8.324 ) ( 6.658,  7,  7.231 ) ( 9.753,  10,  10.205 ) ( 5.817,  6,  6.104 ) ( 7.708,  8,  8.195 ) ( 6.842,  7,  7.389 ) ( 9.802,  10,  10.417 ) ( 6.655,  7,  7.113 ) ( 9.767,  10,  10.217 ) ( 7.829,  8,  8.348 ) ( 9.861,  10,  10.376 ) ( 8.768,  9,  9.358 ) ( 7.767,  8,  8.105 ) ( 8.751,  9,  9.473 ) ( 8.637,  9,  9.409 ) ( 8.785,  9,  9.439 ) ( 7.768,  8,  8.457 ) ( 7.830,  8,  8.380 ) ( 8.839,  9,  9.253 ) ( 4.616,  5,  5.353 ) ( 7.652,  8,  8.441 ) ( 8.758,  9,  9.446 ) ( 5.642,  6,  6.486 ) ( 5.541,  6,  6.491 ) ( 6.797,  7,  7.130 ) ( 7.661,  8,  8.243 ) ( 5.594,  6,  6.471 ) ( 4.899,  5,  5.139 ) ( 5.525,  6,  6.250 ) ( 7.888,  8,  8.338 ) ( 8.841,  9,  9.226 ) ( 8.723,  9,  9.291 ) ( 9.817,  10,  10.347 ) ( 5.829,  6,  6.244 ) ( 7.900,  8,  8.455 ) 

( 4.503,  5,  5.348 ) ( 6.604,  7,  7.239 ) ( 7.706,  8,  8.254 ) ( 4.775,  5,  5.254 ) ( 5.755,  6,  6.329 ) ( 8.717,  9,  9.484 ) ( 4.529,  5,  5.189 ) ( 7.546,  8,  8.472 ) ( 5.772,  6,  6.430 ) ( 8.778,  9,  9.240 ) ( 9.732,  10,  10.281 ) ( 8.634,  9,  9.445 ) ( 4.527,  5,  5.449 ) ( 7.708,  8,  8.144 ) ( 4.806,  5,  5.293 ) ( 8.501,  9,  9.191 ) ( 8.859,  9,  9.395 ) ( 8.670,  9,  9.335 ) ( 4.852,  5,  5.455 ) ( 7.511,  8,  8.293 ) ( 4.716,  5,  5.272 ) ( 5.723,  6,  6.255 ) ( 9.639,  10,  10.231 ) ( 4.773,  5,  5.489 ) ( 6.839,  7,  7.349 ) ( 4.771,  5,  5.329 ) ( 6.869,  7,  7.495 ) ( 9.726,  10,  10.103 ) ( 9.556,  10,  10.466 ) ( 8.853,  9,  9.137 ) ( 4.742,  5,  5.146 ) ( 7.772,  8,  8.299 ) ( 4.560,  5,  5.458 ) ( 5.865,  6,  6.488 ) ( 8.587,  9,  9.124 ) ( 9.718,  10,  10.197 ) ( 9.704,  10,  10.458 ) ( 8.649,  9,  9.157 ) ( 7.811,  8,  8.478 ) ( 9.854,  10,  10.250 ) ( 4.673,  5,  5.275 ) ( 6.521,  7,  7.358 ) ( 7.730,  8,  8.252 ) ( 8.639,  9,  9.214 ) ( 7.782,  8,  8.408 ) ( 7.749,  8,  8.376 ) ( 7.546,  8,  8.379 ) ( 4.824,  5,  5.394 ) ( 9.663,  10,  10.210 ) ( 5.617,  6,  6.250 ) 

( 7.766,  8,  8.164 ) ( 7.653,  8,  8.430 ) ( 6.877,  7,  7.198 ) ( 4.513,  5,  5.212 ) ( 7.823,  8,  8.133 ) ( 6.638,  7,  7.404 ) ( 4.692,  5,  5.341 ) ( 8.738,  9,  9.478 ) ( 9.507,  10,  10.123 ) ( 7.808,  8,  8.211 ) ( 4.568,  5,  5.343 ) ( 4.513,  5,  5.386 ) ( 5.778,  6,  6.163 ) ( 8.720,  9,  9.460 ) ( 5.727,  6,  6.162 ) ( 9.790,  10,  10.407 ) ( 7.773,  8,  8.457 ) ( 9.663,  10,  10.249 ) ( 7.844,  8,  8.324 ) ( 8.639,  9,  9.232 ) ( 8.643,  9,  9.223 ) ( 5.863,  6,  6.165 ) ( 9.536,  10,  10.299 ) ( 5.857,  6,  6.457 ) ( 4.678,  5,  5.235 ) ( 6.833,  7,  7.254 ) ( 6.522,  7,  7.154 ) ( 7.861,  8,  8.201 ) ( 4.784,  5,  5.319 ) ( 9.840,  10,  10.389 ) ( 8.618,  9,  9.270 ) ( 8.704,  9,  9.108 ) ( 6.773,  7,  7.133 ) ( 8.742,  9,  9.283 ) ( 6.644,  7,  7.119 ) ( 9.585,  10,  10.213 ) ( 8.757,  9,  9.452 ) ( 7.722,  8,  8.206 ) ( 5.750,  6,  6.322 ) ( 8.837,  9,  9.473 ) ( 4.543,  5,  5.230 ) ( 5.774,  6,  6.435 ) ( 6.716,  7,  7.266 ) ( 9.864,  10,  10.400 ) ( 9.515,  10,  10.196 ) ( 5.710,  6,  6.366 ) ( 8.633,  9,  9.486 ) ( 5.625,  6,  6.494 ) ( 4.882,  5,  5.132 ) ( 9.723,  10,  10.375 ) 

( 9.848,  10,  10.192 ) ( 8.512,  9,  9.294 ) ( 5.856,  6,  6.266 ) ( 8.599,  9,  9.294 ) ( 7.512,  8,  8.464 ) ( 9.733,  10,  10.445 ) ( 9.806,  10,  10.393 ) ( 7.620,  8,  8.377 ) ( 6.841,  7,  7.416 ) ( 9.722,  10,  10.144 ) ( 6.888,  7,  7.467 ) ( 8.590,  9,  9.379 ) ( 5.547,  6,  6.285 ) ( 8.627,  9,  9.471 ) ( 4.683,  5,  5.150 ) ( 8.654,  9,  9.369 ) ( 6.758,  7,  7.334 ) ( 6.837,  7,  7.286 ) ( 9.900,  10,  10.464 ) ( 7.520,  8,  8.488 ) ( 4.573,  5,  5.247 ) ( 9.567,  10,  10.121 ) ( 7.859,  8,  8.313 ) ( 4.602,  5,  5.200 ) ( 7.771,  8,  8.176 ) ( 4.757,  5,  5.241 ) ( 6.857,  7,  7.153 ) ( 5.880,  6,  6.496 ) ( 5.662,  6,  6.393 ) ( 6.532,  7,  7.155 ) ( 9.557,  10,  10.314 ) ( 9.576,  10,  10.185 ) ( 9.852,  10,  10.487 ) ( 8.629,  9,  9.148 ) ( 7.550,  8,  8.351 ) ( 6.864,  7,  7.377 ) ( 7.502,  8,  8.469 ) ( 6.602,  7,  7.139 ) ( 8.718,  9,  9.296 ) ( 9.761,  10,  10.411 ) ( 4.628,  5,  5.382 ) ( 4.847,  5,  5.415 ) ( 5.565,  6,  6.173 ) ( 5.589,  6,  6.273 ) ( 9.534,  10,  10.379 ) ( 5.672,  6,  6.409 ) ( 9.808,  10,  10.252 ) ( 9.507,  10,  10.240 ) ( 5.762,  6,  6.364 ) ( 6.712,  7,  7.188 ) 

( 6.785,  7,  7.324 ) ( 6.534,  7,  7.213 ) ( 4.707,  5,  5.363 ) ( 7.748,  8,  8.475 ) ( 4.841,  5,  5.391 ) ( 7.613,  8,  8.431 ) ( 8.727,  9,  9.439 ) ( 6.654,  7,  7.208 ) ( 6.887,  7,  7.257 ) ( 7.619,  8,  8.479 ) ( 7.864,  8,  8.210 ) ( 5.613,  6,  6.228 ) ( 6.639,  7,  7.381 ) ( 6.632,  7,  7.500 ) ( 9.755,  10,  10.156 ) ( 8.812,  9,  9.359 ) ( 6.620,  7,  7.154 ) ( 6.527,  7,  7.172 ) ( 8.583,  9,  9.225 ) ( 4.852,  5,  5.476 ) ( 9.884,  10,  10.434 ) ( 8.593,  9,  9.289 ) ( 9.626,  10,  10.253 ) ( 4.603,  5,  5.386 ) ( 4.590,  5,  5.278 ) ( 6.635,  7,  7.446 ) ( 9.612,  10,  10.252 ) ( 7.826,  8,  8.249 ) ( 5.867,  6,  6.442 ) ( 5.751,  6,  6.278 ) ( 4.502,  5,  5.337 ) ( 5.863,  6,  6.377 ) ( 5.610,  6,  6.110 ) ( 4.550,  5,  5.308 ) ( 9.765,  10,  10.497 ) ( 9.716,  10,  10.250 ) ( 5.569,  6,  6.191 ) ( 5.561,  6,  6.305 ) ( 6.655,  7,  7.336 ) ( 7.809,  8,  8.255 ) ( 8.886,  9,  9.456 ) ( 7.799,  8,  8.402 ) ( 9.792,  10,  10.275 ) ( 9.849,  10,  10.241 ) ( 9.783,  10,  10.300 ) ( 6.581,  7,  7.214 ) ( 7.863,  8,  8.457 ) ( 9.508,  10,  10.427 ) ( 9.533,  10,  10.441 ) ( 5.765,  6,  6.201 ) 

( 8.562,  9,  9.419 ) ( 6.648,  7,  7.370 ) ( 8.890,  9,  9.290 ) ( 7.826,  8,  8.355 ) ( 5.874,  6,  6.265 ) ( 8.890,  9,  9.140 ) ( 7.779,  8,  8.211 ) ( 8.558,  9,  9.330 ) ( 9.614,  10,  10.493 ) ( 8.529,  9,  9.103 ) ( 7.707,  8,  8.390 ) ( 7.782,  8,  8.330 ) ( 9.653,  10,  10.209 ) ( 6.743,  7,  7.313 ) ( 5.849,  6,  6.392 ) ( 8.585,  9,  9.489 ) ( 6.689,  7,  7.266 ) ( 6.641,  7,  7.321 ) ( 7.543,  8,  8.433 ) ( 8.824,  9,  9.483 ) ( 8.802,  9,  9.186 ) ( 6.877,  7,  7.320 ) ( 5.703,  6,  6.465 ) ( 7.851,  8,  8.184 ) ( 9.542,  10,  10.120 ) ( 8.813,  9,  9.251 ) ( 7.590,  8,  8.305 ) ( 6.519,  7,  7.257 ) ( 5.586,  6,  6.238 ) ( 4.529,  5,  5.464 ) ( 5.870,  6,  6.385 ) ( 9.547,  10,  10.340 ) ( 7.848,  8,  8.312 ) ( 9.839,  10,  10.108 ) ( 4.755,  5,  5.237 ) ( 8.509,  9,  9.343 ) ( 5.677,  6,  6.114 ) ( 7.837,  8,  8.120 ) ( 4.521,  5,  5.212 ) ( 9.796,  10,  10.437 ) ( 9.768,  10,  10.291 ) ( 8.811,  9,  9.143 ) ( 6.505,  7,  7.170 ) ( 9.700,  10,  10.409 ) ( 4.692,  5,  5.271 ) ( 6.626,  7,  7.338 ) ( 5.844,  6,  6.327 ) ( 6.822,  7,  7.208 ) ( 6.861,  7,  7.239 ) ( 9.784,  10,  10.283 ) 

( 8.624,  9,  9.208 ) ( 4.873,  5,  5.199 ) ( 9.778,  10,  10.190 ) ( 9.781,  10,  10.201 ) ( 5.698,  6,  6.323 ) ( 8.862,  9,  9.434 ) ( 5.886,  6,  6.227 ) ( 9.523,  10,  10.110 ) ( 8.703,  9,  9.277 ) ( 7.581,  8,  8.104 ) ( 9.553,  10,  10.293 ) ( 7.658,  8,  8.103 ) ( 4.881,  5,  5.420 ) ( 4.789,  5,  5.158 ) ( 7.840,  8,  8.328 ) ( 9.658,  10,  10.436 ) ( 6.565,  7,  7.368 ) ( 6.865,  7,  7.157 ) ( 4.542,  5,  5.254 ) ( 7.742,  8,  8.259 ) ( 5.522,  6,  6.296 ) ( 4.807,  5,  5.492 ) ( 5.577,  6,  6.170 ) ( 6.899,  7,  7.219 ) ( 7.653,  8,  8.420 ) ( 9.776,  10,  10.294 ) ( 8.787,  9,  9.466 ) ( 8.703,  9,  9.232 ) ( 6.614,  7,  7.408 ) ( 8.710,  9,  9.446 ) ( 5.764,  6,  6.132 ) ( 4.619,  5,  5.171 ) ( 9.600,  10,  10.416 ) ( 4.772,  5,  5.358 ) ( 8.830,  9,  9.386 ) ( 8.883,  9,  9.148 ) ( 6.818,  7,  7.211 ) ( 9.860,  10,  10.105 ) ( 5.720,  6,  6.141 ) ( 8.776,  9,  9.127 ) ( 6.539,  7,  7.348 ) ( 5.679,  6,  6.174 ) ( 6.686,  7,  7.118 ) ( 5.694,  6,  6.200 ) ( 9.574,  10,  10.497 ) ( 7.855,  8,  8.162 ) ( 4.872,  5,  5.427 ) ( 6.767,  7,  7.428 ) ( 9.657,  10,  10.361 ) ( 4.714,  5,  5.413 ) 

( 9.753,  10,  10.303 ) ( 5.539,  6,  6.329 ) ( 4.586,  5,  5.101 ) ( 8.666,  9,  9.194 ) ( 7.859,  8,  8.458 ) ( 7.779,  8,  8.103 ) ( 7.693,  8,  8.442 ) ( 9.823,  10,  10.120 ) ( 4.540,  5,  5.383 ) ( 7.780,  8,  8.386 ) ( 7.620,  8,  8.266 ) ( 5.552,  6,  6.408 ) ( 8.808,  9,  9.182 ) ( 4.664,  5,  5.435 ) ( 4.557,  5,  5.122 ) ( 4.652,  5,  5.190 ) ( 9.674,  10,  10.309 ) ( 4.580,  5,  5.239 ) ( 9.690,  10,  10.254 ) ( 8.666,  9,  9.351 ) ( 9.788,  10,  10.455 ) ( 4.646,  5,  5.419 ) ( 9.603,  10,  10.431 ) ( 9.561,  10,  10.357 ) ( 5.686,  6,  6.159 ) ( 7.757,  8,  8.193 ) ( 6.675,  7,  7.191 ) ( 9.899,  10,  10.418 ) ( 9.727,  10,  10.337 ) ( 9.647,  10,  10.216 ) ( 9.640,  10,  10.201 ) ( 6.693,  7,  7.185 ) ( 4.589,  5,  5.226 ) ( 8.676,  9,  9.220 ) ( 8.620,  9,  9.158 ) ( 5.528,  6,  6.492 ) ( 9.887,  10,  10.326 ) ( 5.590,  6,  6.410 ) ( 4.744,  5,  5.350 ) ( 7.734,  8,  8.470 ) ( 7.591,  8,  8.409 ) ( 6.837,  7,  7.234 ) ( 7.900,  8,  8.164 ) ( 9.848,  10,  10.273 ) ( 6.598,  7,  7.405 ) ( 7.610,  8,  8.261 ) ( 9.894,  10,  10.196 ) ( 9.654,  10,  10.417 ) ( 7.678,  8,  8.171 ) ( 8.863,  9,  9.202 ) 

( 8.771,  9,  9.109 ) ( 4.806,  5,  5.242 ) ( 6.666,  7,  7.104 ) ( 5.848,  6,  6.491 ) ( 7.646,  8,  8.318 ) ( 5.539,  6,  6.263 ) ( 8.773,  9,  9.124 ) ( 9.603,  10,  10.228 ) ( 4.812,  5,  5.449 ) ( 5.599,  6,  6.490 ) ( 9.646,  10,  10.290 ) ( 8.749,  9,  9.360 ) ( 7.614,  8,  8.498 ) ( 7.723,  8,  8.209 ) ( 6.831,  7,  7.315 ) ( 5.689,  6,  6.298 ) ( 9.677,  10,  10.405 ) ( 9.561,  10,  10.158 ) ( 5.591,  6,  6.491 ) ( 7.851,  8,  8.263 ) ( 5.691,  6,  6.109 ) ( 6.574,  7,  7.436 ) ( 9.867,  10,  10.323 ) ( 8.836,  9,  9.222 ) ( 5.728,  6,  6.465 ) ( 4.788,  5,  5.126 ) ( 5.745,  6,  6.363 ) ( 4.613,  5,  5.142 ) ( 9.639,  10,  10.164 ) ( 6.749,  7,  7.429 ) ( 6.621,  7,  7.461 ) ( 5.773,  6,  6.202 ) ( 5.634,  6,  6.166 ) ( 9.740,  10,  10.275 ) ( 5.842,  6,  6.309 ) ( 8.562,  9,  9.367 ) ( 4.682,  5,  5.364 ) ( 9.697,  10,  10.351 ) ( 6.813,  7,  7.367 ) ( 5.528,  6,  6.360 ) ( 9.668,  10,  10.184 ) ( 9.614,  10,  10.487 ) ( 7.553,  8,  8.273 ) ( 4.871,  5,  5.308 ) ( 6.663,  7,  7.279 ) ( 7.763,  8,  8.216 ) ( 4.759,  5,  5.364 ) ( 9.682,  10,  10.107 ) ( 6.570,  7,  7.478 ) ( 5.718,  6,  6.488 ) 

( 7.714,  8,  8.221 ) ( 7.645,  8,  8.104 ) ( 5.515,  6,  6.158 ) ( 6.645,  7,  7.172 ) ( 5.575,  6,  6.328 ) ( 6.568,  7,  7.257 ) ( 6.588,  7,  7.318 ) ( 4.756,  5,  5.359 ) ( 6.509,  7,  7.273 ) ( 4.834,  5,  5.328 ) ( 5.548,  6,  6.304 ) ( 6.557,  7,  7.193 ) ( 5.832,  6,  6.261 ) ( 6.800,  7,  7.498 ) ( 5.761,  6,  6.382 ) ( 6.514,  7,  7.426 ) ( 4.897,  5,  5.341 ) ( 4.570,  5,  5.488 ) ( 4.602,  5,  5.285 ) ( 4.840,  5,  5.323 ) ( 9.887,  10,  10.492 ) ( 9.520,  10,  10.424 ) ( 9.690,  10,  10.224 ) ( 6.717,  7,  7.300 ) ( 7.603,  8,  8.350 ) ( 6.872,  7,  7.349 ) ( 9.847,  10,  10.472 ) ( 7.558,  8,  8.221 ) ( 9.767,  10,  10.142 ) ( 9.781,  10,  10.372 ) ( 6.575,  7,  7.205 ) ( 6.702,  7,  7.427 ) ( 5.555,  6,  6.228 ) ( 7.585,  8,  8.344 ) ( 9.587,  10,  10.475 ) ( 6.833,  7,  7.426 ) ( 9.533,  10,  10.147 ) ( 9.649,  10,  10.277 ) ( 5.729,  6,  6.134 ) ( 9.523,  10,  10.168 ) ( 9.617,  10,  10.105 ) ( 6.582,  7,  7.437 ) ( 6.523,  7,  7.360 ) ( 9.843,  10,  10.209 ) ( 8.598,  9,  9.276 ) ( 5.518,  6,  6.327 ) ( 9.620,  10,  10.280 ) ( 6.746,  7,  7.326 ) ( 5.592,  6,  6.170 ) ( 7.831,  8,  8.321 ) 

( 7.855,  8,  8.236 ) ( 8.753,  9,  9.112 ) ( 4.716,  5,  5.498 ) ( 4.712,  5,  5.455 ) ( 4.868,  5,  5.265 ) ( 8.877,  9,  9.415 ) ( 6.730,  7,  7.441 ) ( 7.649,  8,  8.247 ) ( 5.700,  6,  6.409 ) ( 4.644,  5,  5.203 ) ( 7.816,  8,  8.338 ) ( 8.571,  9,  9.465 ) ( 6.882,  7,  7.184 ) ( 8.709,  9,  9.425 ) ( 5.747,  6,  6.360 ) ( 9.753,  10,  10.298 ) ( 8.504,  9,  9.394 ) ( 9.690,  10,  10.280 ) ( 9.608,  10,  10.498 ) ( 7.765,  8,  8.423 ) ( 8.737,  9,  9.258 ) ( 6.662,  7,  7.433 ) ( 9.802,  10,  10.189 ) ( 8.820,  9,  9.399 ) ( 9.502,  10,  10.436 ) ( 5.899,  6,  6.183 ) ( 4.726,  5,  5.431 ) ( 9.852,  10,  10.292 ) ( 8.886,  9,  9.338 ) ( 9.783,  10,  10.268 ) ( 6.802,  7,  7.364 ) ( 9.534,  10,  10.194 ) ( 8.742,  9,  9.275 ) ( 7.626,  8,  8.149 ) ( 9.727,  10,  10.108 ) ( 6.528,  7,  7.436 ) ( 5.734,  6,  6.310 ) ( 4.630,  5,  5.364 ) ( 8.600,  9,  9.450 ) ( 6.737,  7,  7.398 ) ( 4.614,  5,  5.264 ) ( 5.519,  6,  6.160 ) ( 8.805,  9,  9.128 ) ( 6.648,  7,  7.209 ) ( 7.634,  8,  8.469 ) ( 4.623,  5,  5.464 ) ( 4.667,  5,  5.342 ) ( 9.842,  10,  10.491 ) ( 9.882,  10,  10.432 ) ( 9.860,  10,  10.291 ) 

( 7.559,  8,  8.112 ) ( 5.773,  6,  6.207 ) ( 9.677,  10,  10.497 ) ( 6.529,  7,  7.222 ) ( 8.553,  9,  9.234 ) ( 9.880,  10,  10.333 ) ( 8.602,  9,  9.101 ) ( 8.607,  9,  9.492 ) ( 8.871,  9,  9.245 ) ( 4.799,  5,  5.395 ) ( 5.785,  6,  6.478 ) ( 8.641,  9,  9.448 ) ( 9.680,  10,  10.418 ) ( 7.562,  8,  8.338 ) ( 5.650,  6,  6.478 ) ( 6.872,  7,  7.291 ) ( 8.510,  9,  9.256 ) ( 4.602,  5,  5.313 ) ( 6.747,  7,  7.369 ) ( 6.565,  7,  7.200 ) ( 5.897,  6,  6.455 ) ( 6.567,  7,  7.401 ) ( 5.544,  6,  6.327 ) ( 9.607,  10,  10.486 ) ( 7.528,  8,  8.494 ) ( 8.619,  9,  9.187 ) ( 9.528,  10,  10.240 ) ( 7.866,  8,  8.292 ) ( 7.842,  8,  8.473 ) ( 6.871,  7,  7.408 ) ( 4.550,  5,  5.158 ) ( 4.801,  5,  5.441 ) ( 6.686,  7,  7.497 ) ( 9.747,  10,  10.467 ) ( 7.634,  8,  8.188 ) ( 4.833,  5,  5.369 ) ( 6.856,  7,  7.101 ) ( 9.730,  10,  10.100 ) ( 6.673,  7,  7.162 ) ( 8.514,  9,  9.300 ) ( 9.844,  10,  10.367 ) ( 7.613,  8,  8.128 ) ( 7.893,  8,  8.421 ) ( 6.680,  7,  7.165 ) ( 9.606,  10,  10.349 ) ( 6.527,  7,  7.344 ) ( 8.593,  9,  9.172 ) ( 7.715,  8,  8.221 ) ( 5.830,  6,  6.438 ) ( 9.813,  10,  10.436 ) 

( 7.874,  8,  8.254 ) ( 6.695,  7,  7.170 ) ( 5.745,  6,  6.474 ) ( 8.830,  9,  9.482 ) ( 5.863,  6,  6.156 ) ( 6.718,  7,  7.193 ) ( 6.578,  7,  7.169 ) ( 9.779,  10,  10.429 ) ( 7.510,  8,  8.441 ) ( 7.506,  8,  8.384 ) ( 9.710,  10,  10.467 ) ( 5.772,  6,  6.197 ) ( 6.860,  7,  7.412 ) ( 5.682,  6,  6.209 ) ( 9.650,  10,  10.405 ) ( 7.855,  8,  8.376 ) ( 5.840,  6,  6.349 ) ( 5.554,  6,  6.315 ) ( 6.677,  7,  7.116 ) ( 7.703,  8,  8.360 ) ( 4.828,  5,  5.479 ) ( 9.547,  10,  10.494 ) ( 9.852,  10,  10.174 ) ( 5.577,  6,  6.138 ) ( 5.885,  6,  6.417 ) ( 6.578,  7,  7.305 ) ( 7.616,  8,  8.149 ) ( 7.597,  8,  8.424 ) ( 7.539,  8,  8.221 ) ( 8.867,  9,  9.311 ) ( 6.874,  7,  7.178 ) ( 4.813,  5,  5.186 ) ( 8.573,  9,  9.133 ) ( 6.599,  7,  7.250 ) ( 8.851,  9,  9.198 ) ( 4.890,  5,  5.220 ) ( 6.823,  7,  7.463 ) ( 8.786,  9,  9.225 ) ( 7.863,  8,  8.138 ) ( 4.736,  5,  5.152 ) ( 9.545,  10,  10.185 ) ( 6.642,  7,  7.339 ) ( 5.766,  6,  6.261 ) ( 5.737,  6,  6.195 ) ( 8.618,  9,  9.296 ) ( 4.593,  5,  5.408 ) ( 8.626,  9,  9.493 ) ( 7.506,  8,  8.301 ) ( 4.874,  5,  5.395 ) ( 8.549,  9,  9.175 ) 

( 5.507,  6,  6.462 ) ( 4.705,  5,  5.170 ) ( 7.575,  8,  8.409 ) ( 8.704,  9,  9.462 ) ( 5.553,  6,  6.459 ) ( 6.885,  7,  7.401 ) ( 4.856,  5,  5.373 ) ( 6.759,  7,  7.278 ) ( 4.866,  5,  5.404 ) ( 7.626,  8,  8.415 ) ( 9.800,  10,  10.280 ) ( 6.677,  7,  7.474 ) ( 7.726,  8,  8.317 ) ( 7.726,  8,  8.300 ) ( 6.788,  7,  7.226 ) ( 9.625,  10,  10.205 ) ( 5.813,  6,  6.170 ) ( 9.725,  10,  10.112 ) ( 5.521,  6,  6.470 ) ( 8.525,  9,  9.425 ) ( 9.570,  10,  10.490 ) ( 8.673,  9,  9.474 ) ( 9.638,  10,  10.467 ) ( 8.748,  9,  9.396 ) ( 4.629,  5,  5.126 ) ( 7.689,  8,  8.471 ) ( 7.694,  8,  8.135 ) ( 6.555,  7,  7.480 ) ( 4.648,  5,  5.219 ) ( 7.720,  8,  8.464 ) ( 5.656,  6,  6.155 ) ( 9.831,  10,  10.432 ) ( 5.775,  6,  6.344 ) ( 8.556,  9,  9.204 ) ( 7.686,  8,  8.419 ) ( 4.871,  5,  5.244 ) ( 9.592,  10,  10.356 ) ( 7.783,  8,  8.270 ) ( 6.677,  7,  7.369 ) ( 9.834,  10,  10.194 ) ( 8.605,  9,  9.378 ) ( 9.835,  10,  10.202 ) ( 9.588,  10,  10.110 ) ( 9.818,  10,  10.264 ) ( 5.771,  6,  6.363 ) ( 4.772,  5,  5.473 ) ( 8.582,  9,  9.296 ) ( 6.595,  7,  7.143 ) ( 9.860,  10,  10.348 ) ( 7.754,  8,  8.354 ) 

( 9.733,  10,  10.275 ) ( 6.503,  7,  7.175 ) ( 6.869,  7,  7.214 ) ( 8.655,  9,  9.354 ) ( 4.516,  5,  5.412 ) ( 4.552,  5,  5.379 ) ( 5.711,  6,  6.114 ) ( 5.519,  6,  6.202 ) ( 4.877,  5,  5.163 ) ( 9.634,  10,  10.252 ) ( 8.574,  9,  9.493 ) ( 5.775,  6,  6.344 ) ( 7.711,  8,  8.129 ) ( 7.614,  8,  8.329 ) ( 8.622,  9,  9.133 ) ( 4.817,  5,  5.145 ) ( 7.692,  8,  8.180 ) ( 7.780,  8,  8.339 ) ( 6.705,  7,  7.465 ) ( 8.807,  9,  9.279 ) ( 4.623,  5,  5.142 ) ( 8.842,  9,  9.166 ) ( 7.844,  8,  8.139 ) ( 7.732,  8,  8.179 ) ( 8.798,  9,  9.133 ) ( 8.669,  9,  9.128 ) ( 7.874,  8,  8.456 ) ( 6.629,  7,  7.316 ) ( 9.515,  10,  10.258 ) ( 6.855,  7,  7.363 ) ( 8.709,  9,  9.228 ) ( 8.592,  9,  9.499 ) ( 6.692,  7,  7.127 ) ( 8.662,  9,  9.103 ) ( 4.508,  5,  5.432 ) ( 5.718,  6,  6.369 ) ( 6.526,  7,  7.340 ) ( 9.565,  10,  10.129 ) ( 6.622,  7,  7.202 ) ( 6.792,  7,  7.480 ) ( 8.765,  9,  9.439 ) ( 9.892,  10,  10.262 ) ( 8.605,  9,  9.379 ) ( 5.522,  6,  6.380 ) ( 6.863,  7,  7.123 ) ( 4.757,  5,  5.327 ) ( 4.749,  5,  5.150 ) ( 4.674,  5,  5.459 ) ( 5.822,  6,  6.164 ) ( 4.538,  5,  5.170 ) 

( 8.504,  9,  9.244 ) ( 5.561,  6,  6.470 ) ( 8.516,  9,  9.374 ) ( 9.501,  10,  10.362 ) ( 6.524,  7,  7.207 ) ( 6.658,  7,  7.212 ) ( 8.854,  9,  9.350 ) ( 4.626,  5,  5.440 ) ( 7.771,  8,  8.351 ) ( 5.680,  6,  6.266 ) ( 4.626,  5,  5.463 ) ( 9.507,  10,  10.124 ) ( 7.887,  8,  8.319 ) ( 7.517,  8,  8.191 ) ( 7.616,  8,  8.446 ) ( 7.739,  8,  8.380 ) ( 8.810,  9,  9.200 ) ( 9.650,  10,  10.173 ) ( 6.526,  7,  7.348 ) ( 8.565,  9,  9.451 ) ( 9.545,  10,  10.277 ) ( 8.837,  9,  9.101 ) ( 7.873,  8,  8.436 ) ( 5.559,  6,  6.256 ) ( 4.712,  5,  5.261 ) ( 4.579,  5,  5.161 ) ( 5.776,  6,  6.414 ) ( 8.814,  9,  9.238 ) ( 4.766,  5,  5.169 ) ( 6.671,  7,  7.118 ) ( 6.885,  7,  7.490 ) ( 8.602,  9,  9.204 ) ( 5.810,  6,  6.247 ) ( 4.722,  5,  5.165 ) ( 7.505,  8,  8.213 ) ( 6.885,  7,  7.451 ) ( 5.610,  6,  6.178 ) ( 9.549,  10,  10.417 ) ( 4.886,  5,  5.393 ) ( 6.827,  7,  7.302 ) ( 8.846,  9,  9.494 ) ( 4.637,  5,  5.279 ) ( 5.592,  6,  6.449 ) ( 5.584,  6,  6.142 ) ( 5.882,  6,  6.245 ) ( 8.841,  9,  9.133 ) ( 8.765,  9,  9.457 ) ( 7.763,  8,  8.325 ) ( 5.796,  6,  6.414 ) ( 4.610,  5,  5.199 ) 

( 6.873,  7,  7.405 ) ( 8.850,  9,  9.417 ) ( 9.517,  10,  10.101 ) ( 9.666,  10,  10.497 ) ( 4.606,  5,  5.407 ) ( 7.701,  8,  8.448 ) ( 9.600,  10,  10.162 ) ( 5.773,  6,  6.308 ) ( 9.889,  10,  10.143 ) ( 7.650,  8,  8.129 ) ( 6.712,  7,  7.410 ) ( 5.838,  6,  6.423 ) ( 9.634,  10,  10.298 ) ( 5.752,  6,  6.470 ) ( 9.787,  10,  10.138 ) ( 5.830,  6,  6.240 ) ( 5.557,  6,  6.220 ) ( 4.843,  5,  5.426 ) ( 4.779,  5,  5.391 ) ( 5.576,  6,  6.115 ) ( 6.702,  7,  7.223 ) ( 7.536,  8,  8.198 ) ( 4.714,  5,  5.191 ) ( 5.593,  6,  6.297 ) ( 8.766,  9,  9.257 ) ( 5.674,  6,  6.422 ) ( 7.834,  8,  8.388 ) ( 5.655,  6,  6.433 ) ( 7.814,  8,  8.494 ) ( 8.597,  9,  9.299 ) ( 9.868,  10,  10.472 ) ( 9.561,  10,  10.475 ) ( 7.808,  8,  8.496 ) ( 6.599,  7,  7.313 ) ( 6.613,  7,  7.325 ) ( 5.672,  6,  6.185 ) ( 9.552,  10,  10.292 ) ( 4.717,  5,  5.234 ) ( 4.617,  5,  5.190 ) ( 6.569,  7,  7.117 ) ( 7.653,  8,  8.257 ) ( 6.561,  7,  7.413 ) ( 5.855,  6,  6.285 ) ( 7.654,  8,  8.231 ) ( 6.722,  7,  7.249 ) ( 5.571,  6,  6.310 ) ( 8.779,  9,  9.368 ) ( 7.715,  8,  8.313 ) ( 9.635,  10,  10.186 ) ( 6.873,  7,  7.252 ) 

( 7.589,  8,  8.355 ) ( 4.663,  5,  5.359 ) ( 7.853,  8,  8.121 ) ( 7.507,  8,  8.430 ) ( 5.789,  6,  6.424 ) ( 6.553,  7,  7.458 ) ( 6.819,  7,  7.386 ) ( 9.629,  10,  10.226 ) ( 5.829,  6,  6.217 ) ( 9.643,  10,  10.349 ) ( 5.634,  6,  6.286 ) ( 4.841,  5,  5.488 ) ( 6.846,  7,  7.343 ) ( 6.699,  7,  7.419 ) ( 7.571,  8,  8.328 ) ( 9.829,  10,  10.340 ) ( 7.817,  8,  8.408 ) ( 4.801,  5,  5.230 ) ( 7.571,  8,  8.192 ) ( 8.840,  9,  9.140 ) ( 5.883,  6,  6.107 ) ( 8.502,  9,  9.198 ) ( 8.607,  9,  9.369 ) ( 6.676,  7,  7.464 ) ( 5.514,  6,  6.181 ) ( 8.687,  9,  9.353 ) ( 7.633,  8,  8.372 ) ( 7.659,  8,  8.421 ) ( 6.785,  7,  7.142 ) ( 7.660,  8,  8.144 ) ( 8.630,  9,  9.411 ) ( 9.616,  10,  10.453 ) ( 5.681,  6,  6.483 ) ( 9.817,  10,  10.247 ) ( 4.825,  5,  5.243 ) ( 6.713,  7,  7.192 ) ( 9.750,  10,  10.285 ) ( 6.710,  7,  7.143 ) ( 9.846,  10,  10.115 ) ( 4.892,  5,  5.140 ) ( 6.805,  7,  7.321 ) ( 5.607,  6,  6.462 ) ( 5.807,  6,  6.233 ) ( 8.617,  9,  9.308 ) ( 5.725,  6,  6.223 ) ( 6.648,  7,  7.145 ) ( 5.867,  6,  6.236 ) ( 9.502,  10,  10.352 ) ( 6.781,  7,  7.181 ) ( 8.501,  9,  9.294 ) 

( 5.676,  6,  6.286 ) ( 7.613,  8,  8.474 ) ( 7.529,  8,  8.177 ) ( 9.883,  10,  10.124 ) ( 8.808,  9,  9.125 ) ( 6.836,  7,  7.287 ) ( 8.654,  9,  9.457 ) ( 5.751,  6,  6.439 ) ( 8.810,  9,  9.132 ) ( 8.753,  9,  9.366 ) ( 6.746,  7,  7.499 ) ( 4.589,  5,  5.287 ) ( 5.765,  6,  6.409 ) ( 7.861,  8,  8.354 ) ( 9.510,  10,  10.138 ) ( 5.851,  6,  6.314 ) ( 8.676,  9,  9.435 ) ( 9.712,  10,  10.295 ) ( 7.888,  8,  8.305 ) ( 7.681,  8,  8.204 ) ( 7.671,  8,  8.383 ) ( 7.609,  8,  8.175 ) ( 6.660,  7,  7.140 ) ( 8.886,  9,  9.430 ) ( 4.829,  5,  5.262 ) ( 8.704,  9,  9.326 ) ( 8.739,  9,  9.207 ) ( 5.887,  6,  6.396 ) ( 5.884,  6,  6.152 ) ( 9.749,  10,  10.107 ) ( 8.810,  9,  9.299 ) ( 6.679,  7,  7.414 ) ( 4.765,  5,  5.108 ) ( 9.792,  10,  10.247 ) ( 9.687,  10,  10.427 ) ( 8.649,  9,  9.142 ) ( 9.690,  10,  10.242 ) ( 5.782,  6,  6.150 ) ( 4.719,  5,  5.232 ) ( 7.520,  8,  8.353 ) ( 7.606,  8,  8.276 ) ( 4.822,  5,  5.155 ) ( 5.618,  6,  6.191 ) ( 8.549,  9,  9.399 ) ( 6.757,  7,  7.201 ) ( 9.595,  10,  10.332 ) ( 7.599,  8,  8.226 ) ( 8.754,  9,  9.135 ) ( 6.766,  7,  7.354 ) ( 9.718,  10,  10.447 ) 

( 9.719,  10,  10.133 ) ( 9.511,  10,  10.491 ) ( 6.725,  7,  7.207 ) ( 6.859,  7,  7.456 ) ( 6.661,  7,  7.120 ) ( 6.692,  7,  7.232 ) ( 8.704,  9,  9.386 ) ( 4.713,  5,  5.178 ) ( 6.523,  7,  7.238 ) ( 9.523,  10,  10.220 ) ( 9.661,  10,  10.382 ) ( 4.548,  5,  5.240 ) ( 9.892,  10,  10.198 ) ( 4.725,  5,  5.242 ) ( 9.547,  10,  10.457 ) ( 6.812,  7,  7.234 ) ( 8.510,  9,  9.177 ) ( 8.775,  9,  9.265 ) ( 8.716,  9,  9.266 ) ( 6.780,  7,  7.123 ) ( 4.714,  5,  5.429 ) ( 5.745,  6,  6.482 ) ( 5.685,  6,  6.442 ) ( 9.839,  10,  10.293 ) ( 8.821,  9,  9.138 ) ( 7.587,  8,  8.418 ) ( 8.580,  9,  9.365 ) ( 5.842,  6,  6.428 ) ( 9.536,  10,  10.333 ) ( 4.830,  5,  5.416 ) ( 8.710,  9,  9.258 ) ( 8.850,  9,  9.281 ) ( 4.664,  5,  5.276 ) ( 5.555,  6,  6.120 ) ( 8.558,  9,  9.166 ) ( 4.857,  5,  5.228 ) ( 5.505,  6,  6.298 ) ( 6.790,  7,  7.310 ) ( 4.761,  5,  5.271 ) ( 7.897,  8,  8.319 ) ( 9.691,  10,  10.415 ) ( 4.763,  5,  5.229 ) ( 5.720,  6,  6.295 ) ( 6.843,  7,  7.244 ) ( 8.871,  9,  9.227 ) ( 4.840,  5,  5.319 ) ( 9.614,  10,  10.211 ) ( 6.500,  7,  7.221 ) ( 7.614,  8,  8.445 ) ( 7.759,  8,  8.328 ) 

( 7.889,  8,  8.284 ) ( 5.544,  6,  6.105 ) ( 6.519,  7,  7.166 ) ( 8.685,  9,  9.221 ) ( 4.663,  5,  5.318 ) ( 4.560,  5,  5.146 ) ( 9.767,  10,  10.177 ) ( 7.724,  8,  8.413 ) ( 4.628,  5,  5.333 ) ( 8.843,  9,  9.401 ) ( 5.539,  6,  6.217 ) ( 8.780,  9,  9.346 ) ( 6.672,  7,  7.219 ) ( 5.532,  6,  6.214 ) ( 7.836,  8,  8.209 ) ( 5.558,  6,  6.175 ) ( 9.607,  10,  10.398 ) ( 7.820,  8,  8.374 ) ( 5.536,  6,  6.395 ) ( 4.505,  5,  5.301 ) ( 4.787,  5,  5.434 ) ( 5.652,  6,  6.345 ) ( 8.889,  9,  9.124 ) ( 6.742,  7,  7.383 ) ( 7.643,  8,  8.315 ) ( 6.716,  7,  7.317 ) ( 4.567,  5,  5.404 ) ( 4.837,  5,  5.261 ) ( 6.877,  7,  7.131 ) ( 5.625,  6,  6.188 ) ( 7.760,  8,  8.317 ) ( 9.738,  10,  10.133 ) ( 6.785,  7,  7.342 ) ( 8.593,  9,  9.179 ) ( 5.763,  6,  6.402 ) ( 5.620,  6,  6.350 ) ( 8.664,  9,  9.228 ) ( 4.805,  5,  5.347 ) ( 8.749,  9,  9.354 ) ( 6.769,  7,  7.108 ) ( 6.831,  7,  7.415 ) ( 9.675,  10,  10.102 ) ( 9.681,  10,  10.388 ) ( 9.737,  10,  10.342 ) ( 9.581,  10,  10.138 ) ( 4.570,  5,  5.159 ) ( 8.645,  9,  9.192 ) ( 8.808,  9,  9.469 ) ( 7.566,  8,  8.499 ) ( 7.852,  8,  8.172 ) 

( 6.600,  7,  7.428 ) ( 8.578,  9,  9.236 ) ( 6.844,  7,  7.117 ) ( 4.517,  5,  5.307 ) ( 8.629,  9,  9.214 ) ( 8.685,  9,  9.440 ) ( 6.871,  7,  7.140 ) ( 8.558,  9,  9.348 ) ( 8.572,  9,  9.205 ) ( 9.810,  10,  10.348 ) ( 8.758,  9,  9.120 ) ( 4.593,  5,  5.497 ) ( 6.788,  7,  7.499 ) ( 4.533,  5,  5.146 ) ( 8.502,  9,  9.115 ) ( 8.782,  9,  9.398 ) ( 9.557,  10,  10.140 ) ( 4.866,  5,  5.498 ) ( 8.843,  9,  9.117 ) ( 5.695,  6,  6.427 ) ( 7.769,  8,  8.120 ) ( 5.633,  6,  6.260 ) ( 5.841,  6,  6.309 ) ( 4.892,  5,  5.488 ) ( 8.586,  9,  9.199 ) ( 8.665,  9,  9.156 ) ( 4.781,  5,  5.242 ) ( 4.847,  5,  5.331 ) ( 4.759,  5,  5.119 ) ( 6.623,  7,  7.239 ) ( 7.866,  8,  8.496 ) ( 7.864,  8,  8.477 ) ( 8.865,  9,  9.170 ) ( 8.525,  9,  9.192 ) ( 7.813,  8,  8.280 ) ( 6.881,  7,  7.319 ) ( 6.700,  7,  7.386 ) ( 8.521,  9,  9.359 ) ( 8.805,  9,  9.488 ) ( 4.653,  5,  5.108 ) ( 7.814,  8,  8.182 ) ( 4.836,  5,  5.305 ) ( 4.675,  5,  5.217 ) ( 9.864,  10,  10.466 ) ( 5.763,  6,  6.414 ) ( 8.796,  9,  9.271 ) ( 7.591,  8,  8.241 ) ( 8.753,  9,  9.444 ) ( 9.689,  10,  10.222 ) ( 4.864,  5,  5.399 ) 

( 4.597,  5,  5.155 ) ( 4.783,  5,  5.202 ) ( 9.559,  10,  10.196 ) ( 9.538,  10,  10.135 ) ( 8.816,  9,  9.309 ) ( 7.856,  8,  8.270 ) ( 7.609,  8,  8.208 ) ( 6.524,  7,  7.216 ) ( 5.675,  6,  6.112 ) ( 5.819,  6,  6.461 ) ( 8.574,  9,  9.286 ) ( 6.768,  7,  7.335 ) ( 8.573,  9,  9.379 ) ( 6.721,  7,  7.238 ) ( 4.898,  5,  5.315 ) ( 4.863,  5,  5.404 ) ( 6.630,  7,  7.254 ) ( 6.893,  7,  7.311 ) ( 8.650,  9,  9.469 ) ( 9.654,  10,  10.434 ) ( 7.722,  8,  8.390 ) ( 5.796,  6,  6.169 ) ( 9.502,  10,  10.180 ) ( 5.715,  6,  6.323 ) ( 8.808,  9,  9.366 ) ( 8.716,  9,  9.117 ) ( 4.848,  5,  5.416 ) ( 4.648,  5,  5.479 ) ( 7.705,  8,  8.131 ) ( 7.783,  8,  8.297 ) ( 4.654,  5,  5.253 ) ( 5.799,  6,  6.216 ) ( 5.593,  6,  6.208 ) ( 9.573,  10,  10.257 ) ( 4.824,  5,  5.273 ) ( 9.809,  10,  10.354 ) ( 4.837,  5,  5.296 ) ( 7.578,  8,  8.160 ) ( 5.624,  6,  6.207 ) ( 9.617,  10,  10.468 ) ( 8.527,  9,  9.167 ) ( 8.515,  9,  9.125 ) ( 5.518,  6,  6.337 ) ( 5.896,  6,  6.278 ) ( 8.631,  9,  9.221 ) ( 6.526,  7,  7.215 ) ( 5.626,  6,  6.175 ) ( 9.669,  10,  10.281 ) ( 8.717,  9,  9.258 ) ( 9.561,  10,  10.359 ) 

( 6.569,  7,  7.130 ) ( 9.787,  10,  10.493 ) ( 8.674,  9,  9.135 ) ( 9.847,  10,  10.202 ) ( 5.758,  6,  6.436 ) ( 6.830,  7,  7.215 ) ( 8.897,  9,  9.155 ) ( 9.760,  10,  10.485 ) ( 4.608,  5,  5.245 ) ( 9.737,  10,  10.261 ) ( 6.635,  7,  7.237 ) ( 4.624,  5,  5.240 ) ( 8.687,  9,  9.207 ) ( 7.579,  8,  8.496 ) ( 7.635,  8,  8.360 ) ( 8.645,  9,  9.296 ) ( 4.610,  5,  5.467 ) ( 5.711,  6,  6.216 ) ( 9.898,  10,  10.343 ) ( 5.683,  6,  6.245 ) ( 4.721,  5,  5.387 ) ( 5.640,  6,  6.281 ) ( 7.558,  8,  8.100 ) ( 6.733,  7,  7.334 ) ( 6.755,  7,  7.429 ) ( 6.505,  7,  7.110 ) ( 6.833,  7,  7.371 ) ( 5.750,  6,  6.379 ) ( 5.522,  6,  6.171 ) ( 4.625,  5,  5.343 ) ( 4.569,  5,  5.230 ) ( 7.861,  8,  8.320 ) ( 4.803,  5,  5.328 ) ( 6.564,  7,  7.199 ) ( 6.829,  7,  7.253 ) ( 9.656,  10,  10.350 ) ( 9.860,  10,  10.204 ) ( 8.869,  9,  9.482 ) ( 8.796,  9,  9.297 ) ( 7.684,  8,  8.349 ) ( 5.773,  6,  6.311 ) ( 4.640,  5,  5.293 ) ( 8.817,  9,  9.110 ) ( 9.827,  10,  10.161 ) ( 5.819,  6,  6.448 ) ( 9.596,  10,  10.111 ) ( 7.823,  8,  8.443 ) ( 5.668,  6,  6.274 ) ( 9.728,  10,  10.268 ) ( 4.626,  5,  5.343 ) 

( 4.579,  5,  5.218 ) ( 9.808,  10,  10.461 ) ( 6.678,  7,  7.223 ) ( 8.557,  9,  9.426 ) ( 9.579,  10,  10.259 ) ( 8.725,  9,  9.147 ) ( 8.529,  9,  9.135 ) ( 5.659,  6,  6.153 ) ( 4.855,  5,  5.413 ) ( 9.786,  10,  10.225 ) ( 4.639,  5,  5.119 ) ( 8.763,  9,  9.438 ) ( 4.538,  5,  5.469 ) ( 8.787,  9,  9.234 ) ( 5.764,  6,  6.486 ) ( 6.524,  7,  7.157 ) ( 7.796,  8,  8.169 ) ( 8.882,  9,  9.426 ) ( 9.708,  10,  10.461 ) ( 5.648,  6,  6.212 ) ( 5.779,  6,  6.127 ) ( 8.740,  9,  9.191 ) ( 9.838,  10,  10.100 ) ( 7.756,  8,  8.206 ) ( 8.586,  9,  9.359 ) ( 4.668,  5,  5.275 ) ( 7.623,  8,  8.468 ) ( 9.787,  10,  10.339 ) ( 9.563,  10,  10.326 ) ( 4.527,  5,  5.173 ) ( 4.688,  5,  5.449 ) ( 9.769,  10,  10.416 ) ( 9.882,  10,  10.249 ) ( 6.658,  7,  7.310 ) ( 5.790,  6,  6.193 ) ( 7.578,  8,  8.331 ) ( 8.780,  9,  9.181 ) ( 9.578,  10,  10.282 ) ( 6.818,  7,  7.167 ) ( 8.612,  9,  9.495 ) ( 6.575,  7,  7.220 ) ( 6.730,  7,  7.302 ) ( 5.812,  6,  6.383 ) ( 6.859,  7,  7.125 ) ( 4.791,  5,  5.114 ) ( 6.802,  7,  7.421 ) ( 7.537,  8,  8.329 ) ( 7.663,  8,  8.481 ) ( 8.523,  9,  9.179 ) ( 4.709,  5,  5.188 ) 

( 6.728,  7,  7.213 ) ( 7.581,  8,  8.392 ) ( 8.706,  9,  9.341 ) ( 5.826,  6,  6.376 ) ( 5.592,  6,  6.462 ) ( 6.629,  7,  7.333 ) ( 5.818,  6,  6.141 ) ( 6.865,  7,  7.270 ) ( 4.576,  5,  5.176 ) ( 8.705,  9,  9.133 ) ( 6.810,  7,  7.393 ) ( 4.546,  5,  5.154 ) ( 6.778,  7,  7.292 ) ( 9.865,  10,  10.199 ) ( 4.629,  5,  5.326 ) ( 7.713,  8,  8.143 ) ( 4.561,  5,  5.206 ) ( 8.564,  9,  9.233 ) ( 5.553,  6,  6.110 ) ( 7.892,  8,  8.354 ) ( 5.528,  6,  6.379 ) ( 5.813,  6,  6.154 ) ( 7.580,  8,  8.222 ) ( 6.675,  7,  7.344 ) ( 8.702,  9,  9.120 ) ( 8.623,  9,  9.388 ) ( 6.587,  7,  7.331 ) ( 9.558,  10,  10.134 ) ( 9.877,  10,  10.477 ) ( 4.767,  5,  5.394 ) ( 9.697,  10,  10.420 ) ( 4.563,  5,  5.242 ) ( 7.874,  8,  8.373 ) ( 5.626,  6,  6.473 ) ( 5.617,  6,  6.383 ) ( 6.673,  7,  7.355 ) ( 8.738,  9,  9.414 ) ( 5.591,  6,  6.182 ) ( 8.864,  9,  9.234 ) ( 6.574,  7,  7.334 ) ( 9.746,  10,  10.303 ) ( 8.778,  9,  9.166 ) ( 6.866,  7,  7.164 ) ( 5.799,  6,  6.157 ) ( 6.859,  7,  7.334 ) ( 6.549,  7,  7.343 ) ( 7.746,  8,  8.388 ) ( 6.515,  7,  7.280 ) ( 4.739,  5,  5.359 ) ( 6.747,  7,  7.143 ) 

( 9.758,  10,  10.480 ) ( 5.602,  6,  6.404 ) ( 7.606,  8,  8.308 ) ( 7.514,  8,  8.430 ) ( 5.558,  6,  6.412 ) ( 5.736,  6,  6.195 ) ( 9.786,  10,  10.386 ) ( 7.738,  8,  8.248 ) ( 8.551,  9,  9.362 ) ( 6.695,  7,  7.490 ) ( 5.804,  6,  6.256 ) ( 5.667,  6,  6.350 ) ( 6.856,  7,  7.318 ) ( 7.870,  8,  8.305 ) ( 7.822,  8,  8.282 ) ( 6.651,  7,  7.320 ) ( 9.738,  10,  10.247 ) ( 9.776,  10,  10.156 ) ( 7.545,  8,  8.210 ) ( 6.514,  7,  7.396 ) ( 5.878,  6,  6.250 ) ( 4.508,  5,  5.236 ) ( 8.864,  9,  9.253 ) ( 7.615,  8,  8.485 ) ( 6.885,  7,  7.190 ) ( 4.525,  5,  5.211 ) ( 7.654,  8,  8.309 ) ( 7.539,  8,  8.391 ) ( 7.873,  8,  8.491 ) ( 5.804,  6,  6.205 ) ( 9.727,  10,  10.445 ) ( 4.575,  5,  5.435 ) ( 7.808,  8,  8.149 ) ( 6.509,  7,  7.147 ) ( 5.741,  6,  6.478 ) ( 6.557,  7,  7.280 ) ( 6.772,  7,  7.435 ) ( 4.583,  5,  5.263 ) ( 4.812,  5,  5.301 ) ( 4.752,  5,  5.203 ) ( 5.609,  6,  6.224 ) ( 5.686,  6,  6.237 ) ( 4.568,  5,  5.275 ) ( 7.872,  8,  8.459 ) ( 8.734,  9,  9.224 ) ( 7.836,  8,  8.439 ) ( 7.831,  8,  8.489 ) ( 6.626,  7,  7.261 ) ( 6.862,  7,  7.365 ) ( 4.693,  5,  5.296 ) 

( 6.657,  7,  7.250 ) ( 7.523,  8,  8.470 ) ( 5.815,  6,  6.393 ) ( 4.767,  5,  5.272 ) ( 8.806,  9,  9.382 ) ( 5.625,  6,  6.485 ) ( 5.895,  6,  6.189 ) ( 5.777,  6,  6.437 ) ( 6.636,  7,  7.251 ) ( 6.604,  7,  7.130 ) ( 6.625,  7,  7.461 ) ( 5.531,  6,  6.444 ) ( 6.551,  7,  7.342 ) ( 7.796,  8,  8.487 ) ( 5.793,  6,  6.412 ) ( 8.716,  9,  9.450 ) ( 4.838,  5,  5.261 ) ( 7.580,  8,  8.247 ) ( 6.846,  7,  7.153 ) ( 8.581,  9,  9.248 ) ( 6.565,  7,  7.295 ) ( 7.766,  8,  8.440 ) ( 9.616,  10,  10.357 ) ( 4.622,  5,  5.249 ) ( 9.893,  10,  10.274 ) ( 6.721,  7,  7.382 ) ( 7.765,  8,  8.247 ) ( 6.674,  7,  7.184 ) ( 6.510,  7,  7.430 ) ( 7.829,  8,  8.197 ) ( 5.658,  6,  6.355 ) ( 8.853,  9,  9.404 ) ( 4.885,  5,  5.467 ) ( 4.849,  5,  5.169 ) ( 6.880,  7,  7.470 ) ( 6.682,  7,  7.455 ) ( 9.735,  10,  10.452 ) ( 7.605,  8,  8.149 ) ( 7.692,  8,  8.273 ) ( 5.702,  6,  6.315 ) ( 9.553,  10,  10.476 ) ( 7.802,  8,  8.182 ) ( 6.777,  7,  7.424 ) ( 4.734,  5,  5.213 ) ( 9.646,  10,  10.337 ) ( 5.690,  6,  6.196 ) ( 6.808,  7,  7.357 ) ( 9.899,  10,  10.207 ) ( 7.677,  8,  8.152 ) ( 8.723,  9,  9.344 ) 

( 7.878,  8,  8.494 ) ( 7.701,  8,  8.287 ) ( 4.554,  5,  5.194 ) ( 4.664,  5,  5.254 ) ( 7.633,  8,  8.134 ) ( 9.531,  10,  10.315 ) ( 4.890,  5,  5.167 ) ( 4.604,  5,  5.233 ) ( 9.509,  10,  10.162 ) ( 4.654,  5,  5.345 ) ( 7.601,  8,  8.156 ) ( 8.559,  9,  9.491 ) ( 8.588,  9,  9.441 ) ( 5.801,  6,  6.236 ) ( 8.507,  9,  9.375 ) ( 5.521,  6,  6.115 ) ( 7.630,  8,  8.278 ) ( 7.698,  8,  8.315 ) ( 6.627,  7,  7.138 ) ( 8.531,  9,  9.240 ) ( 6.829,  7,  7.438 ) ( 4.545,  5,  5.181 ) ( 9.895,  10,  10.351 ) ( 6.686,  7,  7.496 ) ( 8.586,  9,  9.160 ) ( 8.660,  9,  9.313 ) ( 8.784,  9,  9.281 ) ( 4.696,  5,  5.128 ) ( 5.777,  6,  6.403 ) ( 5.736,  6,  6.216 ) ( 8.722,  9,  9.244 ) ( 6.769,  7,  7.148 ) ( 8.578,  9,  9.433 ) ( 8.637,  9,  9.295 ) ( 7.529,  8,  8.333 ) ( 5.565,  6,  6.142 ) ( 5.729,  6,  6.390 ) ( 5.777,  6,  6.277 ) ( 9.759,  10,  10.437 ) ( 9.728,  10,  10.155 ) ( 6.503,  7,  7.113 ) ( 4.632,  5,  5.213 ) ( 7.706,  8,  8.172 ) ( 8.759,  9,  9.417 ) ( 5.525,  6,  6.405 ) ( 4.867,  5,  5.254 ) ( 7.851,  8,  8.263 ) ( 6.698,  7,  7.471 ) ( 5.804,  6,  6.165 ) ( 4.735,  5,  5.167 ) 

( 4.602,  5,  5.200 ) ( 8.791,  9,  9.169 ) ( 8.510,  9,  9.332 ) ( 9.654,  10,  10.231 ) ( 8.731,  9,  9.118 ) ( 6.715,  7,  7.267 ) ( 6.869,  7,  7.153 ) ( 6.620,  7,  7.325 ) ( 6.775,  7,  7.121 ) ( 7.758,  8,  8.200 ) ( 5.573,  6,  6.275 ) ( 8.646,  9,  9.475 ) ( 4.562,  5,  5.156 ) ( 7.554,  8,  8.134 ) ( 5.779,  6,  6.212 ) ( 5.800,  6,  6.119 ) ( 6.688,  7,  7.309 ) ( 6.812,  7,  7.302 ) ( 4.859,  5,  5.434 ) ( 5.567,  6,  6.311 ) ( 9.548,  10,  10.218 ) ( 6.523,  7,  7.483 ) ( 5.729,  6,  6.357 ) ( 5.692,  6,  6.396 ) ( 9.621,  10,  10.450 ) ( 4.504,  5,  5.305 ) ( 9.775,  10,  10.350 ) ( 6.719,  7,  7.163 ) ( 6.594,  7,  7.227 ) ( 4.803,  5,  5.127 ) ( 4.662,  5,  5.297 ) ( 4.854,  5,  5.150 ) ( 6.894,  7,  7.234 ) ( 8.648,  9,  9.148 ) ( 4.833,  5,  5.284 ) ( 5.642,  6,  6.119 ) ( 8.598,  9,  9.335 ) ( 4.898,  5,  5.173 ) ( 5.807,  6,  6.310 ) ( 4.531,  5,  5.471 ) ( 7.740,  8,  8.466 ) ( 7.724,  8,  8.385 ) ( 7.684,  8,  8.457 ) ( 5.553,  6,  6.222 ) ( 8.816,  9,  9.144 ) ( 8.751,  9,  9.422 ) ( 4.659,  5,  5.295 ) ( 5.528,  6,  6.348 ) ( 8.571,  9,  9.324 ) ( 5.605,  6,  6.496 ) 

( 4.891,  5,  5.253 ) ( 8.885,  9,  9.411 ) ( 5.511,  6,  6.117 ) ( 4.516,  5,  5.181 ) ( 9.674,  10,  10.454 ) ( 4.847,  5,  5.486 ) ( 4.581,  5,  5.329 ) ( 8.629,  9,  9.235 ) ( 5.714,  6,  6.318 ) ( 5.643,  6,  6.370 ) ( 6.638,  7,  7.106 ) ( 5.708,  6,  6.203 ) ( 5.699,  6,  6.265 ) ( 9.549,  10,  10.229 ) ( 8.511,  9,  9.346 ) ( 9.775,  10,  10.498 ) ( 8.501,  9,  9.240 ) ( 4.591,  5,  5.488 ) ( 9.743,  10,  10.393 ) ( 7.831,  8,  8.483 ) ( 9.653,  10,  10.222 ) ( 5.531,  6,  6.267 ) ( 4.549,  5,  5.340 ) ( 6.598,  7,  7.237 ) ( 6.842,  7,  7.259 ) ( 7.893,  8,  8.420 ) ( 4.735,  5,  5.299 ) ( 7.876,  8,  8.466 ) ( 8.536,  9,  9.475 ) ( 8.805,  9,  9.453 ) ( 6.679,  7,  7.321 ) ( 6.550,  7,  7.320 ) ( 6.539,  7,  7.359 ) ( 7.692,  8,  8.218 ) ( 6.748,  7,  7.377 ) ( 9.799,  10,  10.500 ) ( 6.500,  7,  7.170 ) ( 5.734,  6,  6.451 ) ( 5.590,  6,  6.168 ) ( 7.812,  8,  8.468 ) ( 6.673,  7,  7.195 ) ( 8.612,  9,  9.492 ) ( 6.606,  7,  7.412 ) ( 5.542,  6,  6.358 ) ( 5.613,  6,  6.153 ) ( 8.690,  9,  9.208 ) ( 5.626,  6,  6.261 ) ( 7.572,  8,  8.335 ) ( 9.880,  10,  10.236 ) ( 8.548,  9,  9.272 ) 

( 4.887,  5,  5.153 ) ( 8.728,  9,  9.113 ) ( 9.777,  10,  10.438 ) ( 9.537,  10,  10.133 ) ( 4.894,  5,  5.151 ) ( 6.899,  7,  7.333 ) ( 6.754,  7,  7.389 ) ( 4.675,  5,  5.140 ) ( 7.699,  8,  8.283 ) ( 8.602,  9,  9.188 ) ( 6.664,  7,  7.208 ) ( 9.704,  10,  10.210 ) ( 4.631,  5,  5.224 ) ( 9.555,  10,  10.389 ) ( 4.641,  5,  5.398 ) ( 7.839,  8,  8.373 ) ( 6.549,  7,  7.333 ) ( 6.615,  7,  7.174 ) ( 6.730,  7,  7.349 ) ( 8.794,  9,  9.276 ) ( 7.600,  8,  8.207 ) ( 6.891,  7,  7.146 ) ( 4.504,  5,  5.333 ) ( 4.813,  5,  5.297 ) ( 7.884,  8,  8.485 ) ( 5.615,  6,  6.353 ) ( 6.807,  7,  7.181 ) ( 6.537,  7,  7.462 ) ( 6.696,  7,  7.408 ) ( 5.649,  6,  6.164 ) ( 5.694,  6,  6.412 ) ( 6.564,  7,  7.257 ) ( 7.755,  8,  8.322 ) ( 4.670,  5,  5.415 ) ( 5.830,  6,  6.437 ) ( 7.809,  8,  8.470 ) ( 4.856,  5,  5.199 ) ( 5.883,  6,  6.139 ) ( 5.567,  6,  6.204 ) ( 5.664,  6,  6.449 ) ( 9.811,  10,  10.221 ) ( 8.699,  9,  9.282 ) ( 8.698,  9,  9.264 ) ( 4.756,  5,  5.107 ) ( 5.827,  6,  6.496 ) ( 9.830,  10,  10.379 ) ( 5.592,  6,  6.107 ) ( 5.864,  6,  6.152 ) ( 5.672,  6,  6.366 ) ( 5.533,  6,  6.398 ) 

( 9.697,  10,  10.158 ) ( 9.631,  10,  10.346 ) ( 7.743,  8,  8.386 ) ( 7.614,  8,  8.190 ) ( 7.511,  8,  8.222 ) ( 8.861,  9,  9.178 ) ( 6.657,  7,  7.341 ) ( 9.640,  10,  10.146 ) ( 5.895,  6,  6.104 ) ( 8.848,  9,  9.178 ) ( 5.900,  6,  6.223 ) ( 4.544,  5,  5.408 ) ( 9.771,  10,  10.492 ) ( 6.540,  7,  7.458 ) ( 8.642,  9,  9.427 ) ( 4.644,  5,  5.161 ) ( 4.514,  5,  5.225 ) ( 7.593,  8,  8.243 ) ( 4.889,  5,  5.293 ) ( 9.667,  10,  10.100 ) ( 8.585,  9,  9.372 ) ( 9.822,  10,  10.258 ) ( 5.787,  6,  6.438 ) ( 7.696,  8,  8.218 ) ( 7.557,  8,  8.356 ) ( 4.704,  5,  5.443 ) ( 6.521,  7,  7.252 ) ( 6.650,  7,  7.208 ) ( 6.756,  7,  7.311 ) ( 5.834,  6,  6.102 ) ( 5.762,  6,  6.422 ) ( 9.837,  10,  10.224 ) ( 8.853,  9,  9.470 ) ( 8.633,  9,  9.157 ) ( 7.737,  8,  8.200 ) ( 5.843,  6,  6.178 ) ( 5.527,  6,  6.235 ) ( 7.664,  8,  8.186 ) ( 9.827,  10,  10.139 ) ( 6.697,  7,  7.116 ) ( 6.604,  7,  7.499 ) ( 8.541,  9,  9.374 ) ( 4.749,  5,  5.309 ) ( 5.517,  6,  6.395 ) ( 4.880,  5,  5.148 ) ( 8.603,  9,  9.258 ) ( 9.530,  10,  10.460 ) ( 4.619,  5,  5.117 ) ( 9.570,  10,  10.248 ) ( 9.826,  10,  10.192 ) 

