

				----* Random 5 DIMENSION Matrix *----


( 5.740,  6,  6.152 ) ( 8.856,  9,  9.500 ) ( 7.813,  8,  8.305 ) ( 5.564,  6,  6.345 ) ( 9.782,  10,  10.355 ) 

( 5.690,  6,  6.297 ) ( 8.511,  9,  9.217 ) ( 4.591,  5,  5.311 ) ( 7.592,  8,  8.260 ) ( 5.543,  6,  6.213 ) 

( 6.759,  7,  7.423 ) ( 5.532,  6,  6.128 ) ( 6.520,  7,  7.310 ) ( 5.866,  6,  6.177 ) ( 9.635,  10,  10.456 ) 

( 8.760,  9,  9.126 ) ( 4.892,  5,  5.283 ) ( 4.875,  5,  5.195 ) ( 8.512,  9,  9.461 ) ( 8.560,  9,  9.207 ) 

( 9.684,  10,  10.250 ) ( 6.596,  7,  7.305 ) ( 7.633,  8,  8.313 ) ( 7.884,  8,  8.275 ) ( 6.527,  7,  7.472 ) 

