

				----* 100 x 100 Matrix *----


	  Iteration : 988677 | Best Fitness :  36297 | Optimum : 36230 


PATH:

65  3  96  74  18  55  79  30  88  41  7  91  89  48  5  62  46  0  92  66  27  57  24  8  86  50  60  80  68  72  49  43  53  39  63  1  81  94  12  75  32  36  4  51  77  95  38  84  67  29  47  40  99  70  2  42  45  13  28  33  82  54  11  6  56  85  26  19  34  61  59  76  97  90  22  44  31  14  16  10  20  58  73  71  9  83  35  37  23  98  17  78  52  15  21  93  87  69  64  25  


================================



  BAT 1 : 	36842  
  BAT 2 : 	38182  
  BAT 3 : 	36341  
  BAT 4 : 	38855  
  BAT 5 : 	37329  
  BAT 6 : 	38486  
  BAT 7 : 	37367  
  BAT 8 : 	36473  
  BAT 9 : 	37540  
  BAT 10 : 	36230  
  BAT 11 : 	38436  
  BAT 12 : 	36473  
  BAT 13 : 	36297  
  BAT 14 : 	38656  
  BAT 15 : 	37744  
  BAT 16 : 	36775  
  BAT 17 : 	37472  
  BAT 18 : 	38427  
  BAT 19 : 	36768  
  BAT 20 : 	37510  
  BAT 21 : 	36955  
  BAT 22 : 	37691  
  BAT 23 : 	38312  
  BAT 24 : 	37123  
  BAT 25 : 	37491  
  BAT 26 : 	37821  
  BAT 27 : 	38044  
  BAT 28 : 	37104  
  BAT 29 : 	36538  
  BAT 30 : 	38489  
  BAT 31 : 	36676  
  BAT 32 : 	37203  
  BAT 33 : 	37769  
  BAT 34 : 	38158  
  BAT 35 : 	38968  
  BAT 36 : 	37403  
  BAT 37 : 	37786  
  BAT 38 : 	38212  
  BAT 39 : 	37559  
  BAT 40 : 	38161  
  BAT 41 : 	36312  
  BAT 42 : 	36462  
  
  
  
  
  
  
  
  36230
  
  
  
   31 14 16 10 20 58 73 71 9 83 35 37 23 98 17 78 52 15 21 93 87 69 64 25 65 3 96 74 18 55 79 30 88 41 7 91 89 48 5 62 46 0 92 66 27 57 60 80 68 67 84 8 86 50 24 72 49 43 53 39 63 1 81 94 12 75 32 36 4 51 77 95 38 29 47 40 99 70 2 42 45 13 28 33 82 54 11 6 56 85 26 19 34 61 59 76 97 90 22 44
